
23 10000009 3 3131.1558591304342 3193711.6674789684 391.74311535168357
23 10000009 3 3597.422146695653 2779770.789254002 769.225288643923
23 10000009 3 3352.3289154347826 2983003.53344148 693.2095989983675
23 10000009 3 3281.68500273913 3047217.8139136676 655.9933891693395
23 10000009 4 3852.4439441304335 2595757.172595845 692.6213002856059
23 10000009 4 3751.049687217392 2665922.8306352342 596.4173771264467
23 10000009 4 3836.0785244782605 2606831.152227283 616.4567062027875
23 10000009 4 3805.167194826087 2628007.7820488634 679.4470160758567
23 10000009 5 4393.56865247826 2276056.160943187 855.3692866312539
23 10000009 5 4072.2049919130436 2455674.264890626 1231.582595616606
23 10000009 5 4097.489065695653 2440521.216693532 901.0388476722936
23 10000009 5 4144.260988391305 2412977.6160361334 925.7924112003446
23 10000009 6 4048.010134043478 2470351.7700957893 1423.520936492692
23 10000009 6 4306.537793217391 2322052.9994534305 1159.0546455554959
23 10000009 6 4308.035886739131 2321245.5195142953 1149.3521555019347
23 10000009 6 4383.244564782609 2281417.0763697647 1490.3494418682099
23 10000009 7 4229.9850929130425 2364076.65283599 1491.3212357800548
23 10000009 7 4203.405599130435 2379025.4745030357 1632.097499558644
23 10000009 7 4160.52920352174 2403542.556926496 1501.6871133641432
23 10000009 7 4322.243657347826 2313615.2870511953 1656.3518333048594
23 10000009 8 4364.347064521739 2291295.5482599405 1714.1334642547574
23 10000009 8 4476.457688304349 2233911.207544091 1433.3248540432571
23 10000009 8 4471.533389869565 2236371.3133967454 1651.93415598325
23 10000009 8 4396.974551565217 2274293.126495408 1901.2270748395952
23 10000009 9 4448.777850782608 2247810.3729636325 1955.027513632882
23 10000009 9 4537.4950819130445 2203861.1214943547 1777.9960587026992
23 10000009 9 4755.257922217391 2102937.2462171237 1855.304283418569
23 10000009 9 4947.198979739131 2021347.6435765491 1642.582568920818
23 10000009 10 5069.888216782608 1972431.851041104 2074.895755209848
23 10000009 10 4680.299323434782 2136617.4060553852 1882.8537134968942
23 10000009 10 4765.418251173913 2098453.5822299747 2269.593023120034
23 10000009 10 4917.835999304349 2033416.5273942745 2125.2400472354257
23 10000009 11 4996.4241189130435 2001433.1774091811 2203.8300384490944
23 10000009 11 5103.37698926087 1959488.5937376767 2236.348004387299
23 10000009 11 5144.793698608695 1943714.2839574497 1849.892870045384
23 10000009 11 5053.889850391304 1978675.6925906758 2003.340488690715
23 10000009 12 5363.551621782609 1864437.9144945075 2300.7945230670784
23 10000009 12 5263.818360608696 1899763.3115219465 2234.1496668570767
23 10000009 12 5225.008356347826 1913874.2597131084 2089.5107814994717
23 10000009 12 5347.065245217392 1870186.4558216059 2102.4749789477637
23 10000009 13 5645.191492130434 1771420.6885524278 2059.7953605234948
23 10000009 13 5892.258289043479 1697143.694225827 2086.9028056308944
23 10000009 13 5839.599061913044 1712447.874242245 2265.6001992882007
23 10000009 13 5485.306467913044 1823053.836371085 2210.8288177026693
23 10000009 14 5965.929122478259 1676186.3566769923 2619.270262657363
23 10000009 14 6072.677253347828 1646721.6324541306 2391.542448292716
23 10000009 14 5988.3087669999995 1669922.074677817 2840.124353774596
23 10000009 14 5909.076169826088 1692313.4365848452 2286.1768160143574
23 10000009 15 6157.354939347828 1624075.450985643 2828.071529518057
23 10000009 15 5744.285647565217 1740862.0694617827 2154.284102984221
23 10000009 15 6081.080706217392 1644446.0258150883 2820.7844218256573
23 10000009 15 6032.402632043478 1657715.7742888418 2411.204923824619
23 10000009 16 5901.899887043478 1694371.167147914 3029.617216318392
23 10000009 16 6856.632271608694 1458443.2420865137 2587.2296829035563
23 10000009 16 6907.053444826087 1447796.673339885 2986.0448505086033
23 10000009 16 5879.76847478261 1700748.7697667766 2224.373458878681
23 10000009 17 6225.294284565217 1606351.208937011 2408.648853569477
23 10000009 17 6741.265814999999 1483402.268124329 2783.12853868181
23 10000009 17 6210.799929913043 1610100.0052886922 2852.431207665261
23 10000009 17 6643.7439392608685 1505176.7634970776 2968.0709828582367
23 10000009 18 6545.263060434782 1527823.8487385912 2896.1233598343388
23 10000009 18 6247.755645521738 1600576.2016585588 3233.044763782338
23 10000009 18 6210.369626652174 1610211.565682719 2899.575721382084
23 10000009 18 6319.815223217392 1582326.1672687065 2640.049406656258
23 10000009 19 7526.936521391304 1328562.951418589 3303.9203055794305
23 10000009 19 7748.543536652174 1290566.2790301093 3422.107094698077
23 10000009 19 7170.227158304346 1394657.2094885844 3240.245398778633
23 10000009 19 4471.651567956522 2236312.20993586 2455.7487339667846
23 10000009 20 7444.070545173913 1343352.261281717 3494.445724690486
23 10000009 20 7791.5281282608685 1283446.435074615 4487.209209693248
23 10000009 20 4277.723969173913 2337693.8465553066 1820.2859214087944
23 10000009 20 6652.184915956521 1503266.8403449056 2853.893686208847
23 10000009 21 4967.3748636956525 2013137.5775735483 2488.2386484338153
23 10000009 21 4095.905115956522 2441465.0039237263 2129.472751944402
23 10000009 21 7572.166200260871 1320627.2466200604 5691.682445524934
23 10000009 21 4263.153841652174 2345683.353553228 1959.9780111206478
23 10000009 22 8254.099527391307 1211520.2835651394 4985.857080079745
23 10000009 22 4986.54628752174 2005397.809105648 1879.9232730767255
23 10000009 22 7246.395086173912 1379997.7617946847 3182.5839706889747
23 10000009 22 8714.28100195652 1147542.6369375524 4126.288357106521