numberThread numberMessages shift timePrecessingRing throughputRing latencyChain
5 10000000 5 2735.0791846 3656201.274283209 3.8894444703188085
5 10000000 5 2288.2889292 4370077.516171029 102.77010218243981
5 10000000 5 5122.2923478 1952250.9300537973 0.19726215035959369
5 10000000 5 5415.4106168 1846582.042916085 13.480039759801503
6 10000002 5 4986.7571315 2005311.6156053974 639.8024743034017
6 10000002 5 4985.9107435 2005652.0291777663 367.0558594554682
6 10000002 5 5163.475438166667 1936680.4625588728 310.65314181299954
6 10000002 5 5638.968662833333 1773374.2813487174 492.3925279231143
7 10000004 5 5544.649885428572 1803541.1083899399 207.2690223733449
7 10000004 5 5189.925643428572 1926810.6495247958 420.39497949014896
7 10000004 5 5482.134660428571 1824107.6915134077 613.054361155799
7 10000004 5 5683.2275767142855 1759564.2379292904 152.49955489610932
8 10000000 5 5307.932333500001 1883972.773519909 403.5510379562166
8 10000000 5 5367.9802389999995 1862898.064964356 477.6974308653627
8 10000000 5 5464.279376750001 1830067.4820085277 537.1011304159935
8 10000000 5 5544.4221535 1803614.465699974 582.8793630252615
9 10000008 5 4917.006656111112 2033759.2969436944 763.8156167742975
9 10000008 5 4896.331703222222 2042346.9254378958 723.698784063543
9 10000008 5 5014.088778333335 1994381.9190461098 647.1542824119289
9 10000008 5 5170.844194555556 1933921.739612485 727.0371880425723
10 10000000 5 5411.6075606 1847879.7451623178 471.775428194355
10 10000000 5 4777.2743614 2093243.8129991468 500.5107203095979
10 10000000 5 4819.601444599999 2074860.3624069886 454.6226489491913
10 10000000 5 4872.5335081 2052320.4167557196 490.62707177257425
11 10000001 5 4791.665330363637 2086957.3124467575 822.759363860228
11 10000001 5 4940.5525528181815 2024065.3030389922 812.6366834491378
11 10000001 5 5171.790064545456 1933566.6906809937 788.7951217953832
11 10000001 5 4828.559417454546 2071011.2759203995 723.2220118713127
12 10000008 5 4849.48184675 2062077.6231385942 601.5838637354151
12 10000008 5 4828.473358333333 2071049.6378200483 811.121144567598
12 10000008 5 4836.8908475 2067445.455207784 414.75114062557464
12 10000008 5 5277.108022666666 1894978.8325437242 431.5728371877292
13 10000003 5 4471.063255230769 2236605.1270468687 998.0375393442262
13 10000003 5 4860.194273076923 2057531.5384808953 939.3371380952204
13 10000003 5 4762.491913153846 2099741.728144529 904.5108540316384
13 10000003 5 4974.952458384615 2010070.0627091094 934.382453319041
14 10000004 5 4582.395935785714 2182265.378228467 777.8812188300959
14 10000004 5 4421.682527214286 2261583.444413438 996.3921534835766
14 10000004 5 4683.286170071428 2135253.6737782736 517.7690565974589
14 10000004 5 4594.207683357143 2176654.7551225764 676.6707012592212
15 10000005 5 4502.756550799999 2220862.906350847 931.5461223672729
15 10000005 5 4359.3858869333335 2293902.2282871665 1094.6164050054103
15 10000005 5 4503.553424666667 2220469.9394101575 1050.851026938844
15 10000005 5 4521.264206399999 2211771.8725317274 979.1357576195834
16 10000000 5 4849.46313725 2062083.929082247 426.19779860509044
16 10000000 5 4419.3991344375 2262751.042800482 1164.8898318957713
16 10000000 5 4224.185719312501 2367320.156943178 1344.778011063749
16 10000000 5 4496.33580125 2224033.177686586 673.9928791340454
17 10000012 5 4100.295454235294 2438851.568530445 1374.762711572586
17 10000012 5 4436.881908117646 2253837.7642425285 1033.488472396153
17 10000012 5 4486.122321529411 2229099.271771705 1038.0991266876633
17 10000012 5 4391.71436317647 2277017.850670762 1072.0198002457716
18 10000008 5 4351.157175777777 2298241.0416402575 983.7972937081694
18 10000008 5 4483.541052666666 2230381.718943405 802.3712865491707
18 10000008 5 4300.775384888889 2325163.977439001 1196.0455753849405
18 10000008 5 4369.260647777777 2288718.5741793737 1232.3597870062438
19 10000004 5 4241.0750569473685 2357893.662744507 1295.1581199149155
19 10000004 5 4665.495557578947 2143395.8893724196 1203.4969998915703
19 10000004 5 4549.899753473684 2197851.5004347865 1136.963227402001
19 10000004 5 4453.662887789474 2245343.7208767706 898.9208427764131
20 10000000 5 4352.6006628000005 2297477.019995458 1134.8915470183633
20 10000000 5 4334.3588351 2307146.311703398 1209.7022930117275
20 10000000 5 4350.261913349999 2298712.1693321946 1275.9734589667546
20 10000000 5 4281.520655000001 2335618.7686078083 1302.3529259412958
21 10000011 5 4485.208400904761 2229553.2573208385 857.1473053198212
21 10000011 5 4491.616019333333 2226372.636698417 1161.4087896451256
21 10000011 5 4646.37571552381 2152217.4727690197 856.6747987884963
21 10000011 5 4654.987621428571 2148235.7877744674 932.0061713360798
22 10000012 5 4342.6316028636365 2302753.9322943604 1113.8342378325465
22 10000012 5 4342.7875854545455 2302671.22285543 1179.7237345701885
22 10000012 5 4398.2156259090925 2273652.0558682345 1250.3609928456285
22 10000012 5 4319.411011409091 2315133.2377461726 1151.0606969940745
23 10000009 5 4703.680598739131 2125996.6084178 963.2242191604664
23 10000009 5 4697.735339956521 2128687.181447849 1103.1445292648036
23 10000009 5 4603.785014478261 2172127.7098195003 819.8340063103124
23 10000009 5 4379.728396 2283248.6619793577 1073.594542842223
24 10000008 5 4342.141317375 2303013.0226266817 1080.6471777378615
24 10000008 5 4377.480107541666 2284421.117704603 1279.8891705647661
24 10000008 5 4420.595563208333 2262140.4417151203 1116.9560164349475
24 10000008 5 4613.566118875001 2167522.420257079 845.8098281321916
25 10000000 5 4275.4646566 2338927.0648192777 1440.4604591813975
25 10000000 5 4412.60037936 2266237.397516244 989.025397061642
25 10000000 5 4314.09716524 2317982.0984499506 1070.064850779495
25 10000000 5 4512.012008920001 2216306.15792479 850.2659938302003
26 10000016 5 4272.066672499999 2340791.1829587677 1306.1848413000441
26 10000016 5 4247.758836615385 2354186.3803096726 1273.0366561840376
26 10000016 5 4254.456700384616 2350480.144526084 1419.577354724475
26 10000016 5 4284.357852769231 2334075.8040406 1475.2169039984688
27 10000017 5 4426.257731148147 2259248.6943606082 1053.5287083783473
27 10000017 5 4303.950528740741 2323450.7304910463 1272.748190648963
27 10000017 5 4183.264731074074 2390481.5121352472 1383.2982521591555
27 10000017 5 4311.615068851853 2319320.449601945 1113.6451702687737
28 10000004 5 4370.6431354642855 2287993.7094058166 1060.002363568928
28 10000004 5 4150.617699607143 2409280.9128016066 1469.885070465906
28 10000004 5 4151.510783857143 2408762.6217627353 1393.2337510206467
28 10000004 5 4281.2250005000005 2335780.996988504 1187.8901185980178
29 10000012 5 4514.608375344827 2215034.2108547115 1279.513246204853
29 10000012 5 4335.969858379311 2306291.862401872 1495.2490847361607
29 10000012 5 4205.869531241378 2377632.47901997 1296.247566245215
29 10000012 5 4239.516043689654 2358762.6269004475 1063.6806241666807
30 10000020 5 4182.103850766666 2391145.7861494254 1438.1942078222257
30 10000020 5 4298.206798866667 2326556.275197546 1244.2781976183153
30 10000020 5 4155.9360412333335 2406201.611570603 1399.9898160372957
30 10000020 5 4254.4269111333315 2350497.5426493124 1364.1455735479412
31 10000011 5 4396.946079064517 2274308.308581209 1614.2263620087526
31 10000011 5 4468.647304064516 2237816.126348652 1069.7138376095572
31 10000011 5 4273.526710516128 2339990.288440777 1133.020576228844
31 10000011 5 4203.481964483871 2378982.730149019 1121.1273863773135
32 10000000 5 4347.491341156251 2300177.094163094 1442.766085524031
32 10000000 5 4270.699193156249 2341536.9586378024 1222.0480581330485
32 10000000 5 4035.9809466875 2477712.390641344 1565.165499606198
32 10000000 5 4025.023045187501 2484457.8248953014 1390.5305347336646
33 10000023 5 4206.645516848484 2377196.5001443177 1242.6527196676577
33 10000023 5 4237.795510090908 2359722.873882955 1234.2367857271968
33 10000023 5 4218.9747210606065 2370249.565630509 1221.8498100145748
33 10000023 5 4321.769717181817 2313872.2454931997 1321.4228128446264
34 10000012 5 4198.872926117647 2381594.341138156 1273.81536116166
34 10000012 5 4162.95041467647 2402145.354589136 1469.0886282604536
34 10000012 5 4396.059440676469 2274767.2398308585 1562.8930779924835
34 10000012 5 4238.578307676471 2359284.4756198134 1570.7637148625786
35 10000025 5 4365.972068428572 2290446.398480802 1412.2476517377265
35 10000025 5 4164.90669142857 2401020.176653699 1548.9348975185808
35 10000025 5 4104.456177314286 2436382.4506815486 1279.0748651982108
35 10000025 5 4249.642956285714 2353144.747186068 1424.741511792309
36 10000008 5 4096.798426611111 2440932.3961472153 1420.336266234516
36 10000008 5 4167.269341861112 2399654.8290142375 1304.2667643019238
36 10000008 5 4093.2687139722216 2443037.264048984 1662.1418094854869
36 10000008 5 4327.525707888889 2310791.1252313126 1124.9784732390822
37 10000027 5 4146.923314972972 2411432.823918804 1122.001145373628
37 10000027 5 4285.168967108108 2333636.567602753 1290.4527042442699
37 10000027 5 4291.115615459459 2330402.602990522 1504.3458232876135
37 10000027 5 4137.2040400000005 2417097.852394053 1413.2225132457029
38 10000004 5 4476.421699263156 2233928.050533321 1457.1941722344554
38 10000004 5 4974.2113969473685 2010369.7253673049 1352.3487722569612
38 10000004 5 5387.137688210527 1856274.0696018394 2216.868199181098
38 10000004 5 5633.789368210527 1775004.9471899804 1880.0833331151516
39 10000029 5 4117.2542680000015 2428810.160626202 1441.7244221291755
39 10000029 5 4500.682574974358 2221891.6427486497 1516.2472523779131
39 10000029 5 4177.185318102565 2393963.455885742 1217.422446424169
39 10000029 5 4175.861826025641 2394722.195470123 1355.304621669374
40 10000000 5 4309.222782125 2320604.0870016743 1453.1669477787634
40 10000000 5 4509.0181219999995 2217777.7355138343 1019.0480808048426
40 10000000 5 4234.5144791249995 2361545.827578881 1563.55014350165
40 10000000 5 4200.375783075001 2380739.3710567546 1347.6252674306058
41 10000023 5 4205.27389504878 2377971.8633247316 1238.0693173066202
41 10000023 5 4174.724790317074 2395372.9891834357 1705.6274501513797
41 10000023 5 4184.59653695122 2389722.142074356 1567.1607148450285
41 10000023 5 4170.262439487804 2397936.135939736 1160.5401304366258
42 10000032 5 4111.800394404761 2432032.453133621 1846.2661648142555
42 10000032 5 4181.216189761905 2391656.289977544 1518.0952979182252
42 10000032 5 4254.057402904761 2350704.5281457095 1574.176261647174
42 10000032 5 4191.101484738095 2386015.236427736 1622.3574411072589
43 10000037 5 4237.231469558138 2360040.2932537487 1557.1824739467215
43 10000037 5 4220.896176488372 2369173.8867454585 1168.0843925887605
43 10000037 5 4320.120040325582 2314759.0591594665 1573.3363224302634
43 10000037 5 4092.7416002325576 2443358.994233053 1533.079899145965
44 10000012 5 4179.148736886364 2392834.67270189 1646.597082205591
44 10000012 5 4115.52087775 2429829.005136068 1517.6206562268699
44 10000012 5 4168.646615886362 2398862.9695524666 1721.194560593456
44 10000012 5 4047.7831382272725 2470491.0462123984 1188.1665864554175
45 10000035 5 4221.505688666665 2368831.345376783 1292.7360196561247
45 10000035 5 4278.269580288888 2337401.7958271694 1352.3600140703015
45 10000035 5 4137.697800422221 2416811.348325045 1607.1013416046328
45 10000035 5 4298.783962844444 2326247.396108531 1588.1501693933
46 10000032 5 4240.955863565217 2357966.534363632 1162.4791643652477
46 10000032 5 3971.5746550217395 2517901.051502521 1323.1337228498564
46 10000032 5 4156.439474456522 2405913.0564646465 1718.5592145789158
46 10000032 5 4375.621376456523 2285397.007567015 1562.3424020254897
47 10000002 5 4317.57994093617 2316112.761500306 1817.7975707890428
47 10000002 5 4213.663073382979 2373232.464448422 1556.2940746095953
47 10000002 5 4090.259684531915 2444833.035373496 1807.8706961212865
47 10000002 5 4313.725818148935 2318182.105577379 1958.0520686895775
48 10000032 5 4196.96044825 2382684.3553337986 1582.6969767002904
48 10000032 5 4132.59252875 2419796.273266928 1373.297253469736
48 10000032 5 4267.281894625 2343419.5928316526 1609.7682134908787
48 10000032 5 4112.2579845833325 2431761.8295081835 1203.3511443701204
49 10000018 5 4138.967850142858 2416065.6381167215 1279.158104573591
49 10000018 5 4290.078379816327 2330963.939271463 1913.0807012609052
49 10000018 5 4171.173594530612 2397411.1298346277 1184.649322695284
49 10000018 5 4458.227468612244 2243047.9535654564 1762.2368094755843
50 10000000 5 4044.479592359999 2472505.9854152678 1213.8310823267798
50 10000000 5 4215.8094255 2372023.730369166 1474.7585742923145
50 10000000 5 4079.5923872000003 2451225.282058983 998.5957983595158
50 10000000 5 3952.8335269599984 2529830.7990447273 1202.6863037163778
51 10000029 5 4120.046536333332 2427164.0894861356 1338.2059560437167
51 10000029 5 4152.268356058824 2408329.1691415748 1162.6765976880629
51 10000029 5 4462.844620176473 2240729.8149682325 1266.8727750775315
51 10000029 5 4394.584280274509 2275534.695030435 1642.0606129430832
52 10000016 5 4026.4683449807685 2483570.003093558 1816.332370618857
52 10000016 5 4193.011594653846 2384924.480712186 1513.8189990768644
52 10000016 5 4053.994658653845 2466706.7527219118 1353.2814470246785
52 10000016 5 4099.578489211539 2439279.068888684 1554.1357746579386
53 10000040 5 4136.90317690566 2417276.78226201 1232.2834071661568
53 10000040 5 4293.607397018869 2329053.188920629 1759.8883142150542
53 10000040 5 4129.6524988113215 2421520.9398075044 1649.924795855464
53 10000040 5 4250.631323132075 2352601.1172927315 1418.7800543950095
54 10000044 5 4451.863099185186 2246260.4480875176 1545.6172163539925
54 10000044 5 4330.90728874074 2308995.167363101 1677.419977366632
54 10000044 5 4178.544333685185 2393188.441100171 1325.9501601719755
54 10000044 5 4186.03869862963 2388903.8587420806 1671.8766452750247
55 10000045 5 4423.04004670909 2260898.588842851 1513.3717885030358
55 10000045 5 4277.607797581819 2337765.749738239 1095.0716067384624
55 10000045 5 4243.474756981819 2356569.9274036814 1678.177574963592
55 10000045 5 4251.107094527272 2352338.9972634916 1319.043617203497
56 10000032 5 4122.7039163392865 2425600.3348597074 1821.2524439559238
56 10000032 5 4199.748331392856 2381102.6782844076 1411.3007371546844
56 10000032 5 4086.9623561964295 2446812.8474045023 1458.6327743479967
56 10000032 5 4082.5396605714295 2449463.5279551223 1207.8162718029125
57 10000023 5 4373.158082561405 2286682.2582692644 1495.8623690744257
57 10000023 5 4172.045124894737 2396911.5147699434 1568.8227071076851
57 10000023 5 4083.514105175439 2448876.8111088406 1940.3279312781872
57 10000023 5 4205.164932140351 2378033.4805822163 1942.843049889866
58 10000012 5 4001.8269244137928 2498861.6921419837 1366.1516807907212
58 10000012 5 4321.373575448276 2314081.8134342046 1349.4121911271634
58 10000012 5 4209.482499758623 2375591.774184454 1717.0667118693577
58 10000012 5 4285.886980517241 2333242.114282993 1513.4558833618264
59 10000028 5 4154.594870728812 2406980.297996123 1277.4505428635582
59 10000028 5 4285.768504423729 2333310.347882315 1743.0051625803515
59 10000028 5 3841.8109410338984 2602946.410816566 1275.0786438624843
59 10000028 5 3968.370694474576 2519932.9321536664 980.3931776620125
60 10000020 5 4313.981964583333 2318048.633976117 1549.9227792832517
60 10000020 5 4266.332433216666 2343938.3021684354 1697.3511576136507
60 10000020 5 4249.7751844333325 2353070.3545518043 1626.7313585444786
60 10000020 5 4173.64873015 2395989.8512208047 1335.9667840741356
61 10000035 5 4112.896586131147 2431384.983935779 1266.9379975837599
61 10000035 5 4239.749424754101 2358638.2114032567 1531.6375628552487
61 10000035 5 4008.3399344426225 2494807.1180471247 1266.8291492443586
61 10000035 5 4377.53782252459 2284397.1669519087 1477.0164925434665
62 10000042 5 4456.209396758063 2244069.1425486268 1927.1413727879271
62 10000042 5 4312.8662417741925 2318653.405742132 1628.625322770249
62 10000042 5 3975.1388190322596 2515645.9825054593 1054.8107536996822
62 10000042 5 4385.602218629034 2280198.1350524933 1836.1509391508066
63 10000053 5 4343.780612968252 2302154.2501813015 1587.790189540351
63 10000053 5 4222.040585603174 2368535.497763663 1613.9801137397112
63 10000053 5 4073.171213206348 2455102.54211192 1422.5124482331678
63 10000053 5 3912.378785476191 2556003.277883753 1134.684257830596
64 10000000 5 4250.650900312501 2352580.87161776 1619.0256219578812
64 10000000 5 4219.017785218751 2370219.920625794 1404.940928543393
64 10000000 5 4131.689922734375 2420317.1552094463 1721.6659126404359
64 10000000 5 4112.8039913124985 2431431.213625318 1640.009934448826
65 10000055 5 4041.140946507693 2474562.2912860615 1842.434314691668
65 10000055 5 4100.846918738461 2438534.087752855 1714.7759167432941
65 10000055 5 4275.222399738463 2339072.465706522 1796.559653660446
65 10000055 5 4092.89092826154 2443274.2468042104 1178.1661416203253
66 10000056 5 4241.577910954543 2357626.3857309516 1950.6015901130888
66 10000056 5 3946.0400969848483 2534200.3006104776 1183.0679664822244
66 10000056 5 4479.408187469697 2232450.2660805234 1427.2202996317005
66 10000056 5 4570.432666348485 2187988.912653531 1782.8370082458437
67 10000018 5 4056.110770074628 2465420.3415199164 1713.6310262127874
67 10000018 5 4221.70144535821 2368717.4778773356 2080.5883232825236
67 10000018 5 4268.090308238806 2342972.448520291 1780.786070582896
67 10000018 5 4347.478620492539 2300187.964781082 1625.7245194521724
68 10000012 5 4200.105504691177 2380895.4296102324 1928.9307765942601
68 10000012 5 4314.833453897058 2317589.336146502 1518.760433916901
68 10000012 5 3940.7406780588244 2537597.070438525 1158.7601530906845
68 10000012 5 4335.019770632352 2306797.3225278486 1713.2462806177493
69 10000032 5 4243.382955246378 2356617.8460598974 1680.9168855457199
69 10000032 5 4109.568631768115 2433353.204688433 1130.2292883543944
69 10000032 5 4084.5986686376814 2448228.7762521524 1556.5788950600427
69 10000032 5 4257.9985564347835 2348528.743601316 1908.582747714507
70 10000060 5 4445.693975942858 2249381.0986796846 1838.5139631879479
70 10000060 5 4342.640076285715 2302760.4923116514 1639.1950594262744
70 10000060 5 4199.767548157141 2381098.450172088 1192.8819167197332
70 10000060 5 4320.554619828573 2314531.5543764085 1565.9998171649852
71 10000066 5 4325.937219394366 2311653.0575540843 1646.44364289035
71 10000066 5 4109.778803859156 2433237.0371392635 1762.5439731356917
71 10000066 5 4209.094920774646 2375823.3511539763 1638.3842135138384
71 10000066 5 4299.8674981267595 2325668.4082373553 1730.417972557743
72 10000008 5 4083.383859875 2448951.248072504 1186.641883819999
72 10000008 5 4115.885115305555 2429613.0042146766 1877.5010817454897
72 10000008 5 4093.544536166666 2442872.6526972996 1141.334082162707
72 10000008 5 4285.945345930555 2333209.407230278 1730.9667759491413
73 10000051 5 4191.582651890412 2385745.8698780416 1490.921884862842
73 10000051 5 4338.043532232878 2305198.397779281 1298.5219921782857
73 10000051 5 4154.594452657533 2406986.07624707 1414.9156703612482
73 10000051 5 4138.238124547945 2416499.6549328323 1283.3700532565447
74 10000064 5 4347.798956432431 2300029.072228655 1560.5775880218644
74 10000064 5 4108.364575756757 2434074.1469269423 1123.8826953651794
74 10000064 5 4024.1145992702695 2485034.5966323633 1014.6568461635275
74 10000064 5 4116.685669837839 2429154.1307777124 1661.120995753941
75 10000050 5 4310.5536561066665 2319899.205020485 1653.896578618159
75 10000050 5 4341.4983317333335 2303363.778100889 1918.4813575960966
75 10000050 5 3785.524707946667 2641654.928049379 1062.5277291170712
75 10000050 5 4281.215875719998 2335796.7199722747 1794.8025589335382
76 10000004 5 4639.091247276317 2155595.453284339 2120.5897906024575
76 10000004 5 4499.498277447368 2222470.9030610295 1886.519016438925
76 10000004 5 4160.3908789342095 2403621.2680481975 1310.2794707400594
76 10000004 5 3875.992114263156 2579985.64114753 1173.4997323004636
77 10000067 5 4214.215185142858 2372936.9670668603 1343.4804382927061
77 10000067 5 3924.0299811038967 2548417.5829836065 1164.0466277768585
77 10000067 5 3967.706350272728 2520364.693650433 972.7049202379255
77 10000067 5 4159.9444520779225 2403894.358494353 1299.9656056050328
78 10000068 5 4317.946191064103 2315931.592824136 1524.2411562795137
78 10000068 5 4277.415234923078 2337876.3694378235 1446.7311713945685
78 10000068 5 3803.1461260897454 2629419.8719841726 1289.8776283970092
78 10000068 5 4350.358679192307 2298676.6695422516 1549.580888912382
79 10000057 5 4060.4982777341784 2462765.975012354 1291.7257413525383
79 10000057 5 4361.138529696203 2292992.2844474753 1819.5683290429902
79 10000057 5 4421.127209886077 2261879.499336478 1548.5471325829249
79 10000057 5 4202.634657746833 2379473.3100500703 1568.7100639857015
80 10000000 5 4221.531852425001 2368808.373258072 1707.1420394710253
80 10000000 5 3781.609314262501 2644376.816580331 1226.600555769391
80 10000000 5 4255.965027649998 2349643.367610487 1646.7292039095573
80 10000000 5 4367.799495124998 2289482.383786442 1697.022067559634
81 10000017 5 4316.4071154938265 2316745.555372834 1890.9170632501332
81 10000017 5 4052.509122765432 2467611.2248147116 1208.91702201249
81 10000017 5 4246.277818543212 2355007.7096535214 1863.8177620934134
81 10000017 5 4217.083324419752 2371311.219319089 1346.0155539107539
82 10000064 5 4240.27751871951 2358351.300322401 1374.1575751915664
82 10000064 5 3933.602290036587 2542215.3188514104 1119.0126553165353
82 10000064 5 4263.144011024388 2345701.663875317 1540.0893643742615
82 10000064 5 4373.056516890243 2286744.7428077655 1703.7677079786395
83 10000006 5 4271.412433783133 2341147.3733860743 1188.051241313539
83 10000006 5 4254.879405325301 2350244.2836533138 1854.8477913505515
83 10000006 5 4154.402625325301 2407086.385667054 1533.8123352632674
83 10000006 5 4173.564217975903 2396035.014132311 1402.788783055501
84 10000032 5 4359.653634630951 2293767.5416607982 1740.5010885768843
84 10000032 5 4229.154805619049 2364546.217772284 1079.562230966226
84 10000032 5 4262.759417654762 2345905.7901751604 1818.1671143929625
84 10000032 5 4216.494729202382 2371645.796386817 1644.4000190622573
85 10000080 5 3916.0704852705876 2553600.615109722 992.3238171000281
85 10000080 5 4291.021582729411 2330466.022414923 1893.447091134768
85 10000080 5 4252.161804411764 2351763.7521753227 1854.7020989245268
85 10000080 5 4117.339377235295 2428772.3415005053 1278.923766159376
86 10000080 5 4085.2144373139545 2447871.501838492 1363.9207830839268
86 10000080 5 4356.40574927907 2295488.660957462 1816.225869885092
86 10000080 5 4136.677819151163 2417418.1401567296 1509.827356507443
86 10000080 5 4469.569003418605 2237370.0892303744 1650.853290893383
87 10000041 5 4135.270031011494 2418231.681367123 1668.7624651942317
87 10000041 5 4220.855802425286 2369197.4964541593 1354.354788250811
87 10000041 5 4097.646128356324 2440435.4809455657 1116.8321485218048
87 10000041 5 4361.60078116092 2292745.600008423 1422.6273415483345
88 10000056 5 4537.289171136364 2203971.4954944095 1873.2751463577038
88 10000056 5 4116.328466568183 2429362.9823805406 1363.852855278494
88 10000056 5 3572.0854836136355 2799500.752676172 1172.0118093318872
88 10000056 5 4438.158651454547 2253199.307492673 1796.1879055345405
89 10000040 5 4246.820599101122 2354712.1350302855 1825.4112052519663
89 10000040 5 4147.173744651685 2411290.3427054 1173.6907799544028
89 10000040 5 4430.844195202246 2256915.287345947 1621.2429503899414
89 10000040 5 4357.2246366741565 2295048.071616746 1872.4872438958414
90 10000080 5 4218.841959722222 2370337.665044563 931.5597756825317
90 10000080 5 4051.4031904444446 2468300.371482646 1189.4930022493545
90 10000080 5 4481.353133399998 2231486.7189261094 1765.4490970639274
90 10000080 5 4251.397882566667 2352186.334054135 1195.6433001132496
91 10000081 5 4354.65090163736 2296413.932111055 1713.1413487422897
91 10000081 5 4538.932898241756 2203178.8581571067 1871.7263840611424
91 10000081 5 4137.354054956043 2417023.263460165 1294.1892778601825
91 10000081 5 4056.0808009230764 2465454.0899984534 1025.3413910170027
92 10000032 5 4181.981269 2391218.7446002644 1675.2443593425016
92 10000032 5 3840.209761326086 2604032.753811559 1006.7032789020553
92 10000032 5 4010.22617727174 2493632.916935194 1310.7118508935896
92 10000032 5 4491.55330495652 2226408.3983963323 1350.3394899195653
93 10000011 5 3864.7436943655916 2587496.5562603837 1101.1044283112822
93 10000011 5 4095.156545666667 2441911.7776050875 1321.0322358666313
93 10000011 5 4367.174324215053 2289812.647173726 1805.6484998827518
93 10000011 5 4252.850371086022 2351366.7605113424 1184.1629287463843
94 10000002 5 4422.7223481808505 2261051.2740220265 1821.2477204727127
94 10000002 5 4328.30312274468 2310374.693364535 1775.7317896696488
94 10000002 5 4291.297562946807 2330297.970093004 1608.7536665499083
94 10000002 5 3635.0473834893633 2750996.3268761504 1131.0177600172885
95 10000080 5 4370.795628599999 2287931.271497841 1707.185474732621
95 10000080 5 4146.110861494736 2411918.140653581 1218.3088799460854
95 10000080 5 4373.401148810529 2286568.2016660664 1794.3664843681975
95 10000080 5 3813.9397635999994 2621981.630501911 1162.7694741296646
96 10000032 5 4164.374602645835 2401328.6397545696 1317.0654924641474
96 10000032 5 4138.196435291667 2416519.408000307 1277.2571970036784
96 10000032 5 4247.6247600000015 2354264.4572021933 1498.992363887259
96 10000032 5 3619.453740802086 2762856.6949950717 921.3951564807122
97 10000021 5 4136.717370226807 2417380.764751574 1378.3521626053957
97 10000021 5 4025.286222247423 2484300.605688786 1178.2093298179066
97 10000021 5 4422.732438175259 2261050.4116604063 1334.4228144368517
97 10000021 5 4518.761276948455 2213000.5076862727 1237.033503884678
98 10000018 5 4050.767133040818 2468672.6418887516 1494.6544017582135
98 10000018 5 3870.1047954285696 2583914.0097219544 1204.6452536297684
98 10000018 5 3422.2460316428583 2922062.85215545 1065.6185164138167
98 10000018 5 3504.7463475 2853278.6708325404 1024.365510180018
99 10000089 5 4112.34573890909 2431723.7982652676 1554.7071419686333
99 10000089 5 4388.762953 2278566.672908205 1972.5167879567193
99 10000089 5 4236.700742434344 2360348.2067638556 1811.2409523076587
99 10000089 5 4072.8644278787897 2455296.3097787667 1749.4181278129452
100 10000000 5 4091.1403997000016 2444306.238117198 1355.4082823710214
100 10000000 5 4150.0691638499975 2409598.3958790344 1490.8887508493353
100 10000000 5 4227.678589139999 2365364.298432681 1323.114582003394
100 10000000 5 3965.6758078799994 2521638.2993611055 1371.5573724491205