numberThread numberMessages shift timePrecessingRing throughputRing latencyChain
5 10000000 4 5064.7692627999995 1974423.6076949367 154.16696764295205
5 10000000 4 4910.4326898 2036480.4146021795 817.8762177191971
5 10000000 4 4966.1062998 2013650.0099489877 252.83073279247867
5 10000000 4 5032.2630364 1987177.5238429983 201.11959599983038
5 10000000 4 4807.1297366 2080243.4192410265 449.4544867384541
5 10000000 4 4791.965417200001 2086826.412416622 437.48568642571075
5 10000000 4 5224.7119928 1913981.098629104 199.88724691238193
5 10000000 4 5057.847706400001 1977125.5641695964 252.24701447924267
5 10000000 4 4976.0707204 2009617.7409625226 215.82462440143743
5 10000000 4 4959.863833400001 2016184.382454099 196.9949034160907
6 10000002 5 4973.251957833333 2010757.1634791335 281.4456274598539
6 10000002 5 5801.8180145 1723598.0127277053 354.50988037159493
6 10000002 5 5666.925781833334 1764625.5456631111 389.2430289552573
6 10000002 5 5056.951108833334 1977476.504080154 286.7770039539507
6 10000002 5 5060.503198166666 1976088.4655942575 362.8299179830182
6 10000002 5 4851.349473166666 2061282.5473223655 282.25242254726027
6 10000002 5 5116.9727766666665 1954280.8680944887 313.31733322782
6 10000002 5 4998.890178833332 2000444.4271135905 542.5880403920968
6 10000002 5 5038.519632666666 1984710.337370947 536.6337345170463
6 10000002 5 5050.953096833334 1979824.7594636038 332.6539816421085
7 10000004 6 4886.225203714285 2046570.4266758836 500.27299620548945
7 10000004 6 4859.466568285714 2057839.8594740669 455.8437019432115
7 10000004 6 5116.915124285714 1954303.277875052 333.35395785792855
7 10000004 6 4979.7780221428575 2008122.4415093265 625.7053896095989
7 10000004 6 4982.896358428572 2006865.7424682307 431.20240044396485
7 10000004 6 4731.022091714286 2113709.0053994013 748.7983651071366
7 10000004 6 4885.521870857143 2046865.056454152 443.9201781904007
7 10000004 6 5046.263599428571 1981665.0087665615 580.1125821678191
7 10000004 6 5043.628465714285 1982700.3650205997 577.0892332998246
7 10000004 6 4809.890032857142 2079050.442253013 499.8186292557409
8 10000000 7 4694.58323975 2130114.5361164217 797.9879525868234
8 10000000 7 4606.629747624999 2170784.401580269 1066.3821211728534
8 10000000 7 4882.280106374999 2048223.3264213125 778.9497485333593
8 10000000 7 4619.6992712500005 2164643.0671869675 527.0770584154112
8 10000000 7 4483.6635685 2230318.9896438816 1021.0488803198181
8 10000000 7 4670.844322 2140940.5474935886 999.4855509448616
8 10000000 7 5070.0646775000005 1972361.4265471073 589.6789740531744
8 10000000 7 4938.041871625 2025094.2093994885 815.8725677498221
8 10000000 7 4956.124266375 2017705.663242819 500.95571801511784
8 10000000 7 4729.604802 2114341.561005545 1056.605847252236
9 10000008 8 4960.697397111111 2015847.2084637857 425.36200045599276
9 10000008 8 4792.946056222221 2086401.11586859 750.5531843859388
9 10000008 8 4852.635994888889 2060737.300414178 749.9335113995951
9 10000008 8 4692.561025777778 2131034.1932830866 943.5419199709565
9 10000008 8 4744.695941 2107618.301435852 977.179369404953
9 10000008 8 4917.519416666666 2033547.2323927279 581.543721112105
9 10000008 8 5078.0819643333325 1969249.0334414747 770.0124571702455
9 10000008 8 4988.965344444445 2004425.2283964439 811.8189954584218
9 10000008 8 5123.120389444444 1951936.9524487029 793.8563959567259
9 10000008 8 5102.519716666666 1959817.610765202 926.8639848406622
10 10000000 9 4577.5696364000005 2184565.3467468456 903.9659098009531
10 10000000 9 4530.8500659 2207091.352517227 1138.4678778924597
10 10000000 9 4604.639170999999 2171722.8274866715 860.8523575996919
10 10000000 9 4683.2020059999995 2135291.1933306004 988.6687960387476
10 10000000 9 5175.9524594 1932011.5627876548 687.6803730222133
10 10000000 9 5102.402163199999 1959861.1948158247 665.8755456044871
10 10000000 9 4904.928207000001 2038765.8244882438 571.8733632403539
10 10000000 9 4999.011202 2000395.5974331903 1115.7314115755526
10 10000000 9 4653.085635 2149111.532523944 840.6916308126939
10 10000000 9 4736.4617057 2111280.6608286733 1083.463629480521
11 10000001 10 4592.227489363637 2177592.687461949 786.6601814275076
11 10000001 10 4663.247734272726 2144428.426245638 755.9716029032548
11 10000001 10 4710.7991610909085 2122782.2834383454 947.9636436241926
11 10000001 10 4667.523842454546 2142463.8282600017 927.6653487069352
11 10000001 10 4615.945942909091 2166403.403263803 912.6739624556405
11 10000001 10 4490.943847727273 2226703.637156517 1090.9886096273003
11 10000001 10 4910.94215709091 2036269.3511999522 918.1168372246025
11 10000001 10 4964.301580545455 2014382.2525184387 1062.90235784566
11 10000001 10 4713.699048727272 2121476.3387790024 923.0168764376825
11 10000001 10 4774.897972090909 2094285.7959373398 1109.1130103862254
12 10000008 11 4767.868615666667 2097374.9081803816 1301.1636129667559
12 10000008 11 4889.328172 2045272.4072128409 584.0605563667764
12 10000008 11 5062.7411117500005 1975216.1485783283 1113.0022905436015
12 10000008 11 4704.6382878333325 2125563.6221515746 1040.9225904419902
12 10000008 11 4604.848832 2171625.6851925254 1244.8529835453712
12 10000008 11 4734.095569083333 2112337.584671175 774.2581632238101
12 10000008 11 4819.44574525 2074929.0537933563 1051.7257024717067
12 10000008 11 4860.986009333333 2057197.4452918589 1316.0508995139996
12 10000008 11 4960.541984916667 2015910.3643123365 709.7960762628984
12 10000008 11 4602.222968583334 2172864.7369465074 647.8881021706583
13 10000003 12 5005.2369861538455 1997907.996696928 951.8613339136732
13 10000003 12 4987.384037384616 2005059.7517739984 977.2025949582643
13 10000003 12 4965.756696538462 2013792.3807203076 863.6274641703653
13 10000003 12 4898.651010692307 2041378.9384410016 1166.049739497232
13 10000003 12 4770.920615538462 2096032.1509921765 1222.8125938619967
13 10000003 12 4742.527781846154 2108580.7948830267 818.7662300312302
13 10000003 12 4946.263532692308 2021728.711764956 1124.169783798759
13 10000003 12 4964.295476538462 2014385.1322429483 1032.7175720579555
13 10000003 12 4688.002637461538 2133105.2418978177 975.2070287161345
13 10000003 12 4846.973361538462 2063143.7918251588 1000.5209514388953
14 10000004 13 5254.751232857144 1903040.4212993998 1653.988347412592
14 10000004 13 4719.371902857142 2118926.8838817137 1030.900166690283
14 10000004 13 4960.066220857143 2016102.9217613777 987.1043392321558
14 10000004 13 5038.028236571428 1984904.3178061636 1374.1151363843871
14 10000004 13 4763.172027571428 2099442.12430611 901.0203280062244
14 10000004 13 5089.134762142857 1964971.349233705 1035.9685678348003
14 10000004 13 4926.342622714285 2029904.2851571417 1296.9609305019233
14 10000004 13 4984.9335535 2006045.595728922 1071.8568204033284
14 10000004 13 4920.216822714286 2032431.569648469 1147.4896971848934
14 10000004 13 4957.02399292857 2017340.2457332222 1394.9024562277011
15 10000005 14 4779.7227264 2092172.6159483357 1711.96019425237
15 10000005 14 8755.497620333334 1142140.108264833 2389.9579063825395
15 10000005 14 5068.976424333334 1972785.857120097 1466.2604588697743
15 10000005 14 5181.111570199999 1930088.7202500417 789.6671472567953
15 10000005 14 4886.529152733334 2046443.3317473175 1739.4354146638746
15 10000005 14 9040.553411666666 1106127.5283319692 2509.357161588606
15 10000005 14 4709.1404833999995 2123530.8301484343 1458.0285634448046
15 10000005 14 7297.921466533332 1370253.8518477941 1588.9420886659489
15 10000005 14 5670.780665200001 1763426.5175105857 1425.6293629438117
15 10000005 14 5239.321502000001 1908645.0404279844 1526.634496115898
16 10000000 15 10251.34943125 975481.3321957603 2650.7827213025835
16 10000000 15 10583.61773925 944856.4986350917 2229.1113980362506
16 10000000 15 9959.2229635625 1004094.3993910658 2869.972904237978
16 10000000 15 10405.839120499999 960998.9049609198 2763.4647493918906
16 10000000 15 9812.030682125001 1019157.0250812026 2088.543242726574
16 10000000 15 10560.947817 946884.7089560427 2206.5891507817682
16 10000000 15 9707.3973935625 1030142.2301544532 2876.720862263978
16 10000000 15 9870.14403525 1013156.4407050429 2243.0646174569074
16 10000000 15 9679.7100560625 1033088.7952306897 3370.8545542184006
16 10000000 15 10096.415601812501 990450.5117840838 3483.5764217649453
17 10000012 16 11120.19556482353 899265.8394995315 3542.6582268850057
17 10000012 16 10455.973029058823 956392.2910099678 4176.88778046433
17 10000012 16 10841.572511352939 922376.526977827 4302.527141745951
17 10000012 16 7398.217492999999 1351678.5643922677 2725.5416852603294
17 10000012 16 8661.884002470588 1154484.6360385043 2936.7579966194126
17 10000012 16 5060.467103999999 1976104.5362977623 1874.8471480015437
17 10000012 16 5043.902585352942 1982594.1978021485 2058.302978209469
17 10000012 16 5202.870248588235 1922018.3326142791 2066.7331430995655
17 10000012 16 5286.7308436470585 1891530.3796895167 1996.2505610733513
17 10000012 16 5193.159162411764 1925612.4619442392 2011.0449201454935
18 10000008 17 5653.780680444444 1768729.380428301 2292.1668413708926
18 10000008 17 5251.610457555555 1904179.3142926032 2068.2278908559474
18 10000008 17 5644.331764777778 1771690.328765377 1985.800870061835
18 10000008 17 5719.656357055555 1748358.183733252 2441.044532907304
18 10000008 17 5474.9256947777785 1826510.2683564166 1856.3970155380441
18 10000008 17 5392.290106722223 1854501.1121589378 1961.3710610539626
18 10000008 17 5327.167211222222 1877171.7882130602 2362.8242786788896
18 10000008 17 5594.72495788889 1787399.3941202424 2468.1800995199687
18 10000008 17 5521.621735555555 1811063.574965056 2003.4947193311075
18 10000008 17 5387.337192277777 1856206.0704746747 1698.6553955918082
19 10000004 18 5379.084995000001 1859052.981928202 1971.079544393756
19 10000004 18 5737.818529736842 1742823.3305347562 2651.8303252725905
19 10000004 18 5854.52979268421 1708079.7867825273 2004.6076524827138
19 10000004 18 5471.579394 1827626.5918695724 2126.5297174232064
19 10000004 18 5778.539450578947 1730541.7892402047 2544.567167691435
19 10000004 18 5643.551356578947 1771934.6149552686 2450.6510929918973
19 10000004 18 5413.741108947368 1847152.2370127467 2424.753644709877
19 10000004 18 5604.936180736843 1784142.3483764566 2594.494850028343
19 10000004 18 5545.627615947368 1803223.1322642972 2592.8855208251057
19 10000004 18 5965.891114157895 1676196.197458011 1830.0085089892145
20 10000000 19 3340.36000105 2993689.302008354 1487.4822124194843
20 10000000 19 5580.851529199999 1791841.253557497 2651.064738139472
20 10000000 19 5618.9217716 1779700.8761615981 2158.994270809806
20 10000000 19 5710.768304499999 1751077.8702263494 2297.360504565731
20 10000000 19 5601.79665235 1785141.5573617648 2358.3755110194606
20 10000000 19 5492.447122700001 1820682.0705966407 1660.3440379344827
20 10000000 19 5990.17232525 1669401.0550994708 2873.6253804626053
20 10000000 19 5536.8508967 1806080.7824823433 2549.22411176074
20 10000000 19 6040.4724462 1655499.6466031224 1983.0242138531278
20 10000000 19 4063.1215004000005 2461161.94138313 1807.6599084231711
21 10000011 20 5780.573644380954 1729934.0195623282 2155.796404737917
21 10000011 20 6130.646776619048 1631151.0619300178 2602.3649537760366
21 10000011 20 5689.835965904762 1757521.8442013313 2468.7923778202285
21 10000011 20 5509.87562852381 1814924.9954448019 2924.876866642493
21 10000011 20 5802.191846952382 1723488.5132680566 3320.078286857025
21 10000011 20 3778.084876142858 2646846.5711678937 1644.9337136750837
21 10000011 20 5952.674612761904 1679918.9692917257 2832.5290432206275
21 10000011 20 6193.357604523809 1614634.845676552 2562.1741563251144
21 10000011 20 5798.539159238096 1724574.1945310861 2417.1869655921705
21 10000011 20 5401.902490428572 1851201.6863907939 2602.08219487215
22 10000012 21 3917.0133246363634 2552968.593980556 1933.3975009158437
22 10000012 21 4154.856896045454 2406824.651293742 1460.3358013577729
22 10000012 21 5509.457000681817 1815063.0813095483 2652.863120264293
22 10000012 21 4149.699784772726 2409815.7743109334 1890.8420969854237
22 10000012 21 4099.200853272728 2439502.8099235906 1939.2940774770154
22 10000012 21 3978.3282966363636 2513621.6155049116 1198.080211916461
22 10000012 21 4377.497068181819 2284413.180464671 1917.646133935737
22 10000012 21 5608.712781363637 1782942.430788676 2255.8187174565383
22 10000012 21 5810.790031227272 1720938.4517870697 2650.0216973881074
22 10000012 21 5476.1747209545465 1826094.4015783537 2106.9135719094047
23 10000009 22 3730.4123190000014 2680671.235473688 1793.9318198890178
23 10000009 22 6388.690185782609 1565267.4819408243 4251.035185433301
23 10000009 22 3591.6935197391313 2784204.4275332023 1860.0804424420785
23 10000009 22 3584.237631434783 2789996.096323826 1981.5211578393485
23 10000009 22 3903.23372273913 2561980.58080478 1926.2201851332932
23 10000009 22 3972.446799043478 2517342.460673833 2075.9461269875396
23 10000009 22 3603.034365608696 2775440.9159821044 1625.7629037158451
23 10000009 22 4197.300828913044 2382485.651520398 2066.733741242236
23 10000009 22 3639.48690673913 2747642.526610902 2125.0145954122495
23 10000009 22 3963.0115918695647 2523335.7935454487 1847.6578745050035
24 10000008 23 4356.504159125 2295420.2807437447 2290.6298261094007
24 10000008 23 3630.393219041667 2754524.7571390495 1770.5355539156792
24 10000008 23 4470.736478458334 2236769.7242241288 2817.787338614617
24 10000008 23 4196.784084583333 2382778.7654681844 2164.2391064286458
24 10000008 23 4534.187171333334 2205468.725072365 2440.249130840933
24 10000008 23 4426.585546708334 2259079.3500955007 2543.2159673774886
24 10000008 23 6579.711401541666 1519824.7141442918 4115.105135819093
24 10000008 23 3508.5579786666663 2850176.0725642154 1727.1656770232842
24 10000008 23 3863.6356808333344 2588237.8221134795 2179.4064429812497
24 10000008 23 4381.4263225 2282363.6103719966 2356.9909663530584
25 10000000 24 4332.235579640001 2308277.058384479 2249.1167867993936
25 10000000 24 4020.0814142399995 2487511.811222985 1777.4687118504933
25 10000000 24 6783.24245048 1474221.2257638487 4387.27458135508
25 10000000 24 4311.902696120001 2319161.795788747 2517.8741811627096
25 10000000 24 4129.24881972 2421747.9828881053 2546.6018493519946
25 10000000 24 4118.1576704 2428270.3092882535 2216.1673457126176
25 10000000 24 4377.36521972 2284479.2467738516 2335.278118313317
25 10000000 24 3993.8431763199983 2503853.9468177585 2286.4872887702827
25 10000000 24 4421.806178039999 2261519.2971738484 2504.414153035747
25 10000000 24 4079.26277872 2451423.3434939003 1966.8062059055248
26 10000016 25 4312.847873653846 2318657.2522271653 2348.1961192146496
26 10000016 25 4356.150222692308 2295608.619718242 2622.769948110826
26 10000016 25 4625.018095038461 2162157.162309835 2333.2481160232664
26 10000016 25 4189.560947807693 2386888.775357903 2511.7998042146833
26 10000016 25 4510.969932615385 2216821.6923144413 2655.029654452993
26 10000016 25 4166.1467309230775 2400303.3608430624 2105.2320276436203
26 10000016 25 6852.431210461538 1459338.4001773086 4519.471497457059
26 10000016 25 4445.929209230769 2249252.1876501483 2360.0134410043825
26 10000016 25 4844.738347576923 2064098.261364614 2604.1873944056074
26 10000016 25 4656.791722615384 2147404.6072182315 2505.0773739891515
27 10000017 26 4952.659729777777 2019120.5424178604 2995.3901974669375
27 10000017 26 4426.654913888889 2259045.9826955027 3024.608119353426
27 10000017 26 4732.517236185185 2113043.9681316135 3073.138075757486
27 10000017 26 4108.2377353703705 2434137.857676454 2470.2662074087543
27 10000017 26 7188.139072296297 1391183.0168312856 4956.187243046853
27 10000017 26 4598.292435074073 2174724.0179253435 2859.651136638081
27 10000017 26 6984.112230555556 1431823.6405551778 4978.055556954714
27 10000017 26 4825.637329592591 2072268.6594527524 2704.897877082485
27 10000017 26 4793.600413333333 2086118.1862770815 3213.1005945121797
27 10000017 26 4313.078974592593 2318533.247109065 2452.9033797650795
28 10000004 27 7075.619861392858 1413304.3034948274 5075.228049460605
28 10000004 27 4591.6005406071445 2177890.67484466 2781.934603338731
28 10000004 27 4967.372567500001 2013137.5015892638 2950.5639034303936
28 10000004 27 4138.842199178571 2416135.6047796854 2737.4971392636503
28 10000004 27 4770.515523892857 2096210.3466418975 3025.556038905675
28 10000004 27 4219.179975964286 2370129.7543522106 2252.4857478065446
28 10000004 27 7175.385733107144 1393653.8566644718 5080.744979934203
28 10000004 27 4270.160960035714 2341833.0347707467 2801.408565443679
28 10000004 27 4809.280328750001 2079314.0171554817 2668.094470098823
28 10000004 27 4177.818504607142 2393594.644901967 2621.968579140124
29 10000012 28 5306.544099551725 1884467.8970716102 3330.7294911816903
29 10000012 28 4578.544684137932 2184102.7422194625 3377.608656108758
29 10000012 28 5074.182248827586 1970763.269748648 3390.1893938939256
29 10000012 28 4936.203725172414 2025850.7461927566 2519.445305307994
29 10000012 28 5671.774597068965 1763118.7256926189 3515.3322715143945
29 10000012 28 5185.018828000001 1928635.6196043494 2709.5135278139433
29 10000012 28 7309.549501413792 1368075.0090092183 5848.78155501502
29 10000012 28 5080.945251586208 1968140.0811941677 2860.305006690472
29 10000012 28 4724.892348034482 2116452.87625652 3388.063849934272
29 10000012 28 5275.167530344829 1895676.6666605403 2757.041459042387
30 10000020 29 7352.6127702 1360063.464858355 6002.773546575278
30 10000020 29 4766.3946227666665 2098026.0325561254 2759.309780705049
30 10000020 29 5345.737730733335 1870652.9395388395 3819.924141608061
30 10000020 29 4316.074354 2316924.8673235434 2721.0897496129087
30 10000020 29 4775.013617366665 2094239.0538175749 3015.8516543690257
30 10000020 29 4321.0857616 2314237.7984872996 2037.6636466389787
30 10000020 29 7302.715861000001 1369356.3039204217 5871.77297001326
30 10000020 29 4816.6145547999995 2076151.1817536813 3055.9507588745455
30 10000020 29 7514.712158233333 1330725.6205473808 5505.251994069012
30 10000020 29 4753.784233866667 2103591.4774504 2862.3555401172125
31 10000011 30 5392.779631741933 1854333.327685017 3297.0734897557168
31 10000011 30 5356.160889032259 1867010.9444391213 3727.719885324498
31 10000011 30 7409.961068806451 1349536.240088605 5247.031561864279
31 10000011 30 5789.936302096776 1727136.6174406067 3258.2329110579108
31 10000011 30 4885.089287032258 2047047.7431283782 2541.3561086878285
31 10000011 30 5187.147012129032 1927844.145657934 3214.033118023402
31 10000011 30 4506.89649383871 2218824.19835264 2676.581610345492
31 10000011 30 5023.248085064516 1990745.9935599747 3461.214378202704
31 10000011 30 5337.965810870968 1873374.8686877314 3210.3072174030826
31 10000011 30 4749.729813806452 2105385.230741357 3327.1736431397003
32 10000000 31 4665.778615374999 2143264.999125184 2780.6069362789244
32 10000000 31 5389.918764875 1855315.5318718266 3792.1231905540885
32 10000000 31 4526.36176546875 2209279.884849063 2774.2625298482794
32 10000000 31 5536.058531687501 1806339.283221379 4057.038568101811
32 10000000 31 5388.971238875001 1855641.7462134378 3454.887316464567
32 10000000 31 7838.70073896875 1275721.619309527 6391.055365175605
32 10000000 31 4480.2607665625 2232012.9387630587 2285.166059645516
32 10000000 31 5135.467219656251 1947242.4946506354 3454.617062943765
32 10000000 31 4813.20733221875 2077616.7137164 2740.3699696433264
32 10000000 31 5880.33809275 1700582.490712434 3950.3427444989297
33 10000023 32 5023.387319060607 1990693.2045745666 3486.225199764321
33 10000023 32 8135.724351151513 1229149.6821158424 6759.410190342201
33 10000023 32 4879.357632454546 2049454.8162417684 3162.103889031471
33 10000023 32 7608.918503909091 1314250.2439554946 5998.919199014569
33 10000023 32 5175.565028393939 1932160.6327306 3490.9379559414915
33 10000023 32 5335.886667575759 1874107.0834143648 3659.8222316713154
33 10000023 32 5435.061421060606 1839909.841910964 3029.522083416204
33 10000023 32 5522.277831939395 1810851.12055799 3532.4789070326065
33 10000023 32 4899.381761454545 2041078.5455982022 3644.700215373463
33 10000023 32 8151.43939430303 1226780.022064438 5347.5698562453645
34 10000012 33 5104.442828676471 1959080.0280533065 3047.116857757322
34 10000012 33 4766.220719852942 2098100.90379292 3355.671619019595
34 10000012 33 8462.290692970588 1181714.5454843284 5869.232750282066
34 10000012 33 4899.149127323528 2041173.2201063132 3309.7116707214686
34 10000012 33 7730.457547735295 1293586.044325357 6243.004903102054
34 10000012 33 7804.058598029412 1281386.0729499243 5759.212655525133
34 10000012 33 5290.798499705884 1890076.1388958402 3497.8583046100093
34 10000012 33 5930.600653676469 1686171.870938712 4450.8022074308
34 10000012 33 7569.834291088233 1321034.4659423723 6004.7216574279655
34 10000012 33 5422.090217441178 1844309.408174927 3758.4435012634185
35 10000025 34 7716.094750828572 1295995.6199249853 5926.427027173539
35 10000025 34 5460.978801742858 1831178.1391292925 3431.8322213574074
35 10000025 34 8592.674707885715 1163784.89119607 6657.6977518761105
35 10000025 34 5357.452147714287 1866563.568704282 3831.477608268612
35 10000025 34 8307.585679228572 1203722.162625783 6243.811716624207
35 10000025 34 5075.381537028571 1970300.1492681094 3503.677326765038
35 10000025 34 7180.070394457143 1392747.4872279526 5278.737763443642
35 10000025 34 5993.1551836285735 1668574.3475017871 4134.737489032166
35 10000025 34 5266.1807907142875 1898914.1082343338 3683.916489277408
35 10000025 34 7868.833677742857 1270839.5436397719 6087.336866695685
36 10000008 35 6243.620055555556 1601636.216012539 4371.596351818388
36 10000008 35 4869.132263583333 2053755.6711677224 3109.019395946033
36 10000008 35 6390.897240527778 1564726.7705362404 4614.565010022141
36 10000008 35 7479.801315444441 1336934.977049696 5807.1992472191405
36 10000008 35 5220.58977011111 1915493.9269988209 3439.1124316386076
36 10000008 35 8313.620973166666 1202846.2726742506 6898.738365686212
36 10000008 35 8043.0105230555555 1243316.5381712043 6437.296602827251
36 10000008 35 8052.015499111109 1241926.0744224768 6828.064190290956
36 10000008 35 5582.238971083333 1791397.3321101514 3147.704378310631
36 10000008 35 6912.904647305557 1446571.0884494411 5625.728310819393
37 10000027 36 8043.9836267297305 1243168.4926322377 6469.642616654108
37 10000027 36 5346.447229675675 1870406.0042890613 3875.0166438031492
37 10000027 36 7825.757110216216 1277835.0847287814 6439.53922710974
37 10000027 36 8151.799860270271 1226726.2655376883 6586.693538769567
37 10000027 36 5303.572540621621 1885526.5810747105 3904.8122484854707
37 10000027 36 8525.910192675678 1172898.4676135443 6451.816166612309
37 10000027 36 8447.752285675675 1183750.027442971 6676.590216071668
37 10000027 36 5786.631503864864 1728125.7659695507 3882.774317038444
37 10000027 36 7955.513030189189 1256993.3531693544 6115.075386259675
37 10000027 36 8001.7820559729735 1249724.990014621 6444.108486097065
38 10000004 37 8330.440874605265 1200417.1388436684 6633.014241859451
38 10000004 37 6858.622863684211 1458019.2261261542 5017.832740087718
38 10000004 37 5406.6742763684215 1849566.5706566009 3312.4823047807354
38 10000004 37 6230.637940815789 1604972.7323251718 4466.07250301509
38 10000004 37 5964.486882078946 1676590.8279631354 4104.144212718689
38 10000004 37 8533.754771157897 1171817.5959072183 6130.979060358204
38 10000004 37 6348.268114973684 1575233.4052200713 4308.129551066174
38 10000004 37 8668.395351684212 1153616.510817895 7049.621659391417
38 10000004 37 8428.404977842107 1186464.5833096008 7055.668510013737
38 10000004 37 5890.0767383684215 1697771.428826927 4158.500885862756
39 10000029 38 5628.6964748717955 1776615.4285709232 3597.868047663016
39 10000029 38 8449.450588743588 1183512.3355028671 6806.214909522112
39 10000029 38 5996.1843992307695 1667732.066626048 4318.890148461171
39 10000029 38 8351.55419053846 1197385.3934072666 6957.432796937873
39 10000029 38 8380.870378384616 1193196.9531221257 6803.183375928703
39 10000029 38 8740.214652153845 1144139.9780193842 6518.768461084646
39 10000029 38 8639.660376307691 1157456.2615242158 7353.8228716684
39 10000029 38 5794.909736282051 1725657.4226496764 3910.6104211334714
39 10000029 38 8817.603387974363 1134098.298596448 7065.970953279305
39 10000029 38 6119.237414666668 1634195.2963014313 3730.765929110494
40 10000000 39 8946.201169225002 1117792.8833525535 7439.459404953864
40 10000000 39 8706.017063875002 1148630.8752476822 7446.328320539009
40 10000000 39 9015.424890250002 1109210.0618368853 7394.015586320563
40 10000000 39 5836.898851299999 1713238.5286705445 4228.812288445202
40 10000000 39 6466.5243395749985 1546425.7883945787 5243.684765258454
40 10000000 39 8402.935432499999 1190060.3164607265 7003.5115534968045
40 10000000 39 6382.586756325 1566762.8787168814 4927.067415016784
40 10000000 39 6197.738485724998 1613491.76365421 4364.993084844458
40 10000000 39 8704.315914575001 1148855.3607360953 6851.362167142519
40 10000000 39 8761.873342875002 1141308.4404069616 6604.068063340785
41 10000023 40 9413.188515756101 1062341.7329060857 7085.89677808865
41 10000023 40 6463.364828999999 1547185.2919599444 5020.805702349727
41 10000023 40 6109.616028756099 1636767.8349888017 4626.336034912903
41 10000023 40 5938.410267268293 1683956.2357486081 4231.736593872059
41 10000023 40 7532.135283341462 1327647.8214772206 5978.662422451118
41 10000023 40 6294.870480317073 1588598.6901983563 4236.336406027465
41 10000023 40 8524.05463009756 1173153.3212716572 7263.147368550651
41 10000023 40 9269.079135365855 1078858.304472259 7638.207434863128
41 10000023 40 8777.226740463415 1139314.6486576947 7188.129534019418
41 10000023 40 9624.584731268294 1039008.2563782709 8298.550877197787
42 10000032 41 8390.506192642855 1191827.0209690619 7146.730504516042
42 10000032 41 6366.765762142858 1570661.2075256081 4566.712569493666
42 10000032 41 6103.288132547618 1638466.3123918113 4594.530345717042
42 10000032 41 8616.15554535714 1160614.1448303552 7403.360609492102
42 10000032 41 5899.681157619047 1695012.2782628045 4024.495063039038
42 10000032 41 6205.715025904763 1611423.0122163955 4880.225214880866
42 10000032 41 6286.847379547618 1590627.4474758399 4575.016094549822
42 10000032 41 8911.69966857143 1122123.9911469135 7216.9391575442805
42 10000032 41 8713.688311190475 1147623.330428006 7243.445242072044
42 10000032 41 5579.897572166667 1792153.327308659 3817.0981365695493
43 10000037 42 9746.175838534882 1026047.2585012667 8326.36102715538
43 10000037 42 9010.751030209301 1109789.5132685427 7344.322998092842
43 10000037 42 8779.35022206977 1139040.6746574063 7198.891877205667
43 10000037 42 6370.269568186045 1569798.0898550174 4606.899009850233
43 10000037 42 8833.635226837207 1132040.9710397802 7123.346678291956
43 10000037 42 8946.539259186045 1117754.7776065762 7687.8514419612875
43 10000037 42 9167.163689813953 1090853.9803987015 7758.395513180983
43 10000037 42 9511.175310581391 1051398.6624633803 7703.822469928593
43 10000037 42 6876.537663279071 1454225.5841047033 5343.464283064424
43 10000037 42 6549.648357744185 1526805.1739260382 5389.330427016427
44 10000012 43 9363.901021363637 1067932.2621186492 7378.972364189119
44 10000012 43 9534.942381749997 1048775.2940322063 8247.112472811163
44 10000012 43 9317.647311681818 1073233.581986161 8113.700062089053
44 10000012 43 8486.628630954548 1178325.6266835409 7403.889469748398
44 10000012 43 9461.79624268182 1056883.042449203 6819.460012020699
44 10000012 43 6948.510204795456 1439159.1442290142 5340.573427452943
44 10000012 43 9614.448078409088 1040102.553828 8369.273359759072
44 10000012 43 9812.006268477275 1019160.7838782906 8483.293612430241
44 10000012 43 9465.558018931819 1056463.0188731856 8419.509737891702
44 10000012 43 9582.904226977269 1043526.2383034689 8144.473686794964
45 10000035 44 9579.239563555553 1043927.8539442079 7826.391127460853
45 10000035 44 6966.505830644445 1435444.8619007233 5326.819686514239
45 10000035 44 6629.417792488888 1508433.3667022784 5002.152223637798
45 10000035 44 6418.064095022221 1558107.686670801 4625.35727946566
45 10000035 44 9173.590868466665 1090089.490951047 7855.176525803403
45 10000035 44 9342.742808444444 1070353.2361997017 7783.509577033567
45 10000035 44 8351.865788111112 1197341.438871666 6515.947880584586
45 10000035 44 6271.538050177777 1594510.7755053057 4418.3340752450795
45 10000035 44 8488.773897533334 1178030.5519629645 7238.930040878893
45 10000035 44 9463.287309044441 1056718.9469607002 8156.050438356539
46 10000032 45 7082.094419173913 1412016.1929677362 5256.740784365973
46 10000032 45 9125.733423108697 1095805.8422654946 7588.183552318602
46 10000032 45 9355.29333326087 1068916.991030831 7379.017416898478
46 10000032 45 8995.122714108695 1111717.1291410092 7027.374786666697
46 10000032 45 7277.040433108697 1374189.4238353244 5767.8292534945695
46 10000032 45 6248.436718434782 1600405.4214867656 4679.35807070064
46 10000032 45 6962.224677608695 1436327.1027666254 5599.239841382326
46 10000032 45 8476.425688304345 1179746.3185217213 6366.067532092564
46 10000032 45 6657.313834434783 1502112.1504404815 5472.162488716263
46 10000032 45 9101.823574239128 1098684.4469610539 7398.878636550776
47 10000002 46 6686.610274085108 1495526.3713748062 4538.056287447312
47 10000002 46 9318.414451617022 1073144.1547188002 7700.410160311486
47 10000002 46 9829.366976297872 1017359.7164612524 8099.733331487063
47 10000002 46 9391.598593978724 1064781.6662874992 8071.796220352594
47 10000002 46 9615.512652382979 1039986.3596998892 8092.932171376216
47 10000002 46 8750.941199021274 1142734.4525087683 7202.4840531790205
47 10000002 46 9791.378048063832 1021306.903983492 8044.640612591885
47 10000002 46 9390.072655829788 1064954.6991302073 7826.922142808552
47 10000002 46 9306.400210595744 1074529.5467322113 7967.317205395467
47 10000002 46 10217.656443106382 978698.2030254866 8373.88912815956
48 10000032 47 10306.066306916666 970305.4203414859 8766.963382966738
48 10000032 47 9734.842695645833 1027241.2521337175 8105.243640124664
48 10000032 47 7536.408265895832 1326896.267715842 6206.285058759577
48 10000032 47 10212.208428958334 979223.257101111 8709.766353818404
48 10000032 47 10590.448512791667 944250.0936500911 9206.271393983287
48 10000032 47 9812.9744373125 1019062.2694354771 8322.735872680381
48 10000032 47 10910.511798041663 916550.2210258287 9183.725088237708
48 10000032 47 6958.3241441875025 1437132.245176208 5349.355654873574
48 10000032 47 6726.4710979791635 1486668.3963013405 4872.380807466874
48 10000032 47 6662.330998291665 1500980.963354144 4990.398864454707
49 10000018 48 9238.026690571429 1082484.2073909873 7638.522977603787
49 10000018 48 9569.998351734695 1044934.1402642309 8069.991379256922
49 10000018 48 9814.97525867347 1018853.1031866848 8555.892861605875
49 10000018 48 9521.899729183673 1050212.4874672794 7760.540541442383
49 10000018 48 9913.342694367348 1008743.2976247155 8878.594433430759
49 10000018 48 7703.958630530613 1298036.3056948613 6032.441029113176
49 10000018 48 10138.358745306123 986354.7198534308 7897.511961283451
49 10000018 48 7262.290823163267 1376978.4553525012 5491.838723478659
49 10000018 48 7187.833568693879 1391242.2852352061 5143.903337548152
49 10000018 48 9626.162477204081 1038837.4415745895 7607.697782990237
50 10000000 49 6777.824450000001 1475399.6763666547 5312.740423574246
50 10000000 49 9578.348963620001 1044021.2648319133 8188.762662462162
50 10000000 49 10118.73906636 988265.4285695783 8837.41377292632
50 10000000 49 9536.26360698 1048628.7305104039 8117.3096580555875
50 10000000 49 9730.635398600001 1027682.1184193947 7882.818351159412
50 10000000 49 10091.082585479999 990973.9530215462 8854.776803572107
50 10000000 49 6760.467369399999 1479187.6735125065 5532.39802168197
50 10000000 49 9859.02615522 1014298.962449284 7437.168172848337
50 10000000 49 9855.432739820002 1014668.788676918 8459.096093481841
50 10000000 49 10534.066952380002 949300.9722840865 9181.380359795152
51 10000029 50 10223.863167882353 978106.6937020916 8877.67080406053
51 10000029 50 7261.821394901956 1377068.9825861536 5649.2802258148495
51 10000029 50 10083.668312039212 991705.4677473522 8350.18678395047
51 10000029 50 9865.490441529411 1013637.2904386222 8731.05667098215
51 10000029 50 10089.161277607845 991165.5414007835 8321.193194995672
51 10000029 50 10292.558705235293 971578.5244842472 8413.021716151967
51 10000029 50 9620.523284607843 1039447.5127979098 8238.344964118367
51 10000029 50 10193.272142274513 981042.0893725504 8935.429779052152
51 10000029 50 7529.066658450979 1328189.7283742994 6332.848341980004
51 10000029 50 9718.54176268627 1028963.9376140237 8404.89442636767
52 10000016 51 7147.108317730772 1399169.5040064869 5802.759161480646
52 10000016 51 7374.673182519231 1355994.4627382031 5622.50029253066
52 10000016 51 10050.977369057691 994929.7100981864 8456.214709726526
52 10000016 51 10444.05961853846 957483.618941597 8989.663595701153
52 10000016 51 9818.741903 1018462.0492921415 8319.843659542215
52 10000016 51 10441.798804557691 957690.9292329153 9101.094171572307
52 10000016 51 10222.089452057695 978275.1409974218 8547.126214690019
52 10000016 51 9860.671372730769 1014131.3529274063 8865.599333767881
52 10000016 51 10188.965278653845 981455.4988179518 8924.226515295668
52 10000016 51 9785.89228796154 1021880.8572317797 8406.953952491003
53 10000040 52 9910.199517622645 1009065.4564741708 8238.955030425039
53 10000040 52 7359.395590660378 1358812.673786798 5776.49425306074
53 10000040 52 10268.15775471698 973888.4266173441 8918.97054264843
53 10000040 52 10300.54964239623 970825.8633928273 7593.722499267199
53 10000040 52 7591.723762792452 1317229.1711944088 5643.345193547049
53 10000040 52 7730.199004603774 1293632.9315771053 6419.181170304076
53 10000040 52 7394.008663962265 1352451.7558032218 5174.974486848388
53 10000040 52 9454.972297132075 1057648.7889904508 8045.483376390808
53 10000040 52 7421.490035339621 1347443.7009794328 5754.971162494271
53 10000040 52 7128.540267981132 1402817.3544753087 5715.205777554424
54 10000044 53 9705.21589440741 1030378.3150009556 7232.003636955795
54 10000044 53 7506.87864587037 1332117.4447786168 5827.523497949665
54 10000044 53 7386.73976922222 1353783.1726070058 5317.041070619565
54 10000044 53 9511.34919316667 1051380.1771871047 8124.919525675402
54 10000044 53 7507.927361648148 1331931.3731086473 6218.642124851867
54 10000044 53 7108.504003796294 1406771.9445131465 5574.281749537861
54 10000044 53 9815.869120314814 1018762.9722266793 8664.790737442521
54 10000044 53 7318.044296925927 1366491.3184798148 5642.42725219171
54 10000044 53 9948.555957425926 1005175.4287551292 8555.171517573463
54 10000044 53 7672.548896999997 1303353.570533785 6007.895720378832
55 10000045 54 7876.0164024545475 1269683.1099645123 5950.602616984458
55 10000045 54 7632.270886090909 1310231.928248791 5984.7073871036855
55 10000045 54 7388.447706036366 1353470.3631765516 6155.904548306681
55 10000045 54 9965.2434542 1003492.2925827098 8576.44131246339
55 10000045 54 10169.442447981815 983342.5038935705 8701.40562093104
55 10000045 54 7632.387431672729 1310211.9211744955 6346.432521778857
55 10000045 54 9957.336880254545 1004289.110658709 8503.923580600396
55 10000045 54 7818.7476404363615 1278982.9599158033 6500.16070407799
55 10000045 54 7645.670576527269 1307935.6349331634 5780.272374808644
55 10000045 54 9968.494919563638 1003164.9793364939 8460.97165000855
56 10000032 55 7665.233175821428 1304595.9295202221 6213.814409352619
56 10000032 55 7756.799804035713 1289195.5771241093 6323.089541559465
56 10000032 55 7689.474154553571 1300483.205874118 5780.868281392497
56 10000032 55 8015.025177642858 1247660.7095251712 6512.904208759282
56 10000032 55 7755.830685964285 1289356.6666040097 5522.009649192674
56 10000032 55 8132.526331035714 1229634.1374066537 6465.4897999246405
56 10000032 55 10595.256040517856 943821.6463819629 9135.583349961218
56 10000032 55 8232.534890821427 1214696.5828409889 6517.957146428835
56 10000032 55 7737.493613714287 1292412.3106577415 6136.39597138162
56 10000032 55 8038.337759107145 1244042.2758636046 6384.280166003087
57 10000023 56 11725.466734263158 852846.4773840334 10536.59515513638
57 10000023 56 11302.133162526317 884790.7608411807 9676.630326040287
57 10000023 56 7897.658557771929 1266200.9792964747 6139.822764091071
57 10000023 56 8094.874766947367 1235352.4035766001 6457.698517019605
57 10000023 56 7849.438605912283 1273979.3891078879 6660.176469138419
57 10000023 56 7312.603421824562 1367505.1719822243 5920.70159401412
57 10000023 56 7907.5282764210515 1264620.5805951303 6346.523618885377
57 10000023 56 14845.201146017547 673619.9059642017 13217.894812188659
57 10000023 56 10710.185704789472 933692.7739290369 9187.192700751895
57 10000023 56 16600.774531859657 602382.9177854495 14489.965699553131
58 10000012 57 17002.18504082758 588160.4026768815 14017.831164644604
58 10000012 57 18035.727814982758 554455.6949729928 15564.427973593045
58 10000012 57 16109.450991931035 620754.3636967421 13694.044908544694
58 10000012 57 16628.46010882758 601379.3180218338 13959.73128545612
58 10000012 57 15771.871703034483 634040.917164956 13745.228397807761
58 10000012 57 18227.091285517243 548634.5486153208 16120.131219506327
58 10000012 57 17686.74443712069 565395.8553849014 15877.124861916029
58 10000012 57 16742.45298698276 597284.7591553639 14738.914662965422
58 10000012 57 17748.198398999997 563438.1459564617 15436.432642225642
58 10000012 57 18563.518860758624 538691.6174141424 16046.250398046868
59 10000028 58 19300.503663033902 518122.64459983876 17372.106043203185
59 10000028 58 18296.960317237288 546540.3994224727 16151.16411662627
59 10000028 58 16774.05567916949 596160.4153024439 14765.486223354965
59 10000028 58 17297.330129033897 578125.5214187515 14938.944518325878
59 10000028 58 11724.396439050844 852924.758386075 9732.909987935898
59 10000028 58 17819.921567559322 561171.2690253798 14452.516174899138
59 10000028 58 16603.989186338986 602266.5931526608 14626.51836015027
59 10000028 58 16170.271264711866 618420.546959092 14029.981653764638
59 10000028 58 34483.18297491525 289997.2432148885 32724.59192077799
59 10000028 58 14945.198146254244 669113.1092501663 10414.330229141144
60 10000020 59 17534.060880949997 570319.680529032 15386.565785272229
60 10000020 59 17489.90621165 571759.4982492818 15817.385980758583
60 10000020 59 17351.07814275 576334.2149535775 15116.956221611383
60 10000020 59 17741.78090168333 563642.4018206202 14945.108112491964
60 10000020 59 16392.482234900002 610036.9582045183 14538.125589178091
60 10000020 59 16006.228509900004 624758.0430214958 14123.324456219194
60 10000020 59 9377.302274616666 1066406.9160987765 7841.836379884108
60 10000020 59 19355.804172583332 516641.92873807845 16825.66584817952
60 10000020 59 17545.216956450004 569957.0444082639 15295.111765915897
60 10000020 59 16738.186863800005 597437.4692653978 14586.688852623427
61 10000035 60 8066.343270967214 1239723.4613102353 6211.618677068391
61 10000035 60 8621.991990459017 1159828.8436205818 6839.5117187870055
61 10000035 60 10969.60818839344 911612.7785293816 9327.870906304925
61 10000035 60 11238.224442098364 889823.3926117271 9860.463191769326
61 10000035 60 8528.195848803278 1172585.0551852954 7437.425393366447
61 10000035 60 8653.626350475412 1155588.9513822861 6576.838069831794
61 10000035 60 8478.67456868852 1179433.7568904716 6937.6156068249675
61 10000035 60 8061.73164390164 1240432.6318111327 6961.341190643792
61 10000035 60 7835.6590651147535 1276221.3001994044 6683.89683533251
61 10000035 60 8381.689339114753 1193081.0837062318 6783.102619149742
62 10000042 61 9069.810519612904 1102563.4965995736 7346.002157272028
62 10000042 61 9139.83711446774 1094115.9973377003 7425.1485794478185
62 10000042 61 8491.87831883871 1177600.7173602006 6759.804942690112
62 10000042 61 10585.169783516129 944721.9274246007 8996.403584622922
62 10000042 61 8407.104088677419 1189475.2217315745 7085.526326231219
62 10000042 61 9430.616720048387 1060380.4922684517 7485.3408355028905
62 10000042 61 10932.043948500002 914745.865193134 9307.688579256488
62 10000042 61 11253.000061258068 888655.6425453366 9868.48735180905
62 10000042 61 11506.848018225806 869051.3669912766 10193.882464021437
62 10000042 61 8760.110006596773 1141542.9706327317 6755.871486359757
63 10000053 62 8878.856705714285 1126277.1020467232 7154.932217200477
63 10000053 62 8824.406331031745 1133226.7151880797 7173.226246956469
63 10000053 62 8537.106719793648 1171363.2414614717 7187.720247688606
63 10000053 62 9086.257425460317 1100568.972653049 7209.228921712719
63 10000053 62 9394.401552793652 1064469.401675325 7992.510600328242
63 10000053 62 12024.016095682538 831673.2878951083 10798.342676676019
63 10000053 62 9308.709719063492 1074268.432661585 7671.509445531559
63 10000053 62 8686.006073238097 1151283.215287004 7165.397390017475
63 10000053 62 8484.298894698413 1178654.0201039754 6919.876271562215
63 10000053 62 9374.314840238096 1066750.2820660556 7452.5608479665225
64 10000000 63 9952.346250609373 1004788.1924714696 7914.4732555622395
64 10000000 63 8608.395906078127 1161656.6093270993 6760.030869317204
64 10000000 63 8779.163616124997 1139060.6710681017 7211.41008505941
64 10000000 63 8568.694153015625 1167038.9701656753 7299.095402349716
64 10000000 63 8688.114906625 1150997.6683635528 6726.592773322431
64 10000000 63 11321.567776843753 883269.8966350948 10083.363902757414
64 10000000 63 9518.329028328124 1050604.572529311 7772.475754434453
64 10000000 63 8822.456388296878 1133471.1739992448 7300.524972897685
64 10000000 63 9036.981650593749 1106564.1589902951 7768.928969399431
64 10000000 63 12492.802656812504 800460.8953417556 11451.993487595044
65 10000055 64 11876.308993815386 842017.0783033307 10055.694315397699
65 10000055 64 9343.493698092312 1070269.3578143837 7638.97887501058
65 10000055 64 8804.435591076923 1135797.394001588 6817.856260017773
65 10000055 64 9005.950643569235 1110383.0562452187 7396.601051748568
65 10000055 64 9013.276406046158 1109480.565057553 7029.125146701342
65 10000055 64 8696.830810769232 1149850.4705434758 7612.541263018764
65 10000055 64 8538.412564923081 1171184.330103881 6911.751953412486
65 10000055 64 11815.56498621538 846345.9015008217 10304.957267955726
65 10000055 64 12463.438951784614 802351.1840259877 11346.858314592497
65 10000055 64 8632.701741723075 1158392.2738426502 7060.905569847134
66 10000056 65 8597.031249833331 1163198.7495908972 6842.055660805121
66 10000056 65 8911.138991303027 1122197.2869865142 7577.556880403504
66 10000056 65 9198.562149924248 1087132.5145182991 7736.154131045109
66 10000056 65 9258.53379828788 1080090.672871902 7799.9426026493575
66 10000056 65 9100.397080303028 1098859.303803809 7112.26142318339
66 10000056 65 8783.197193318183 1138543.947027347 7389.521862986783
66 10000056 65 8293.943385772727 1205705.842790524 7254.637107295754
66 10000056 65 9086.367916121213 1100555.9198475447 7127.549409769915
66 10000056 65 9082.414012969695 1101035.0316248424 7765.91596177701
66 10000056 65 11349.394121363639 881109.2374681305 10105.517769590353
67 10000018 66 9657.143961805972 1035504.7040356959 6972.89853867286
67 10000018 66 9610.570678567165 1040522.8091502781 7948.702154863816
67 10000018 66 9678.90785122388 1033176.279153801 8556.841805649785
67 10000018 66 8991.990089164181 1112102.8716491298 7035.874737356771
67 10000018 66 8884.55248025373 1125551.120579842 7478.434995789232
67 10000018 66 11493.07289138806 870090.8881812774 10088.433428830438
67 10000018 66 12515.27999282089 799024.7126501594 11257.65652867223
67 10000018 66 8951.255049029854 1117163.7882314406 7241.245052627956
67 10000018 66 9482.776687850745 1054545.3435397188 7630.679749601545
67 10000018 66 8634.84236358209 1158100.8174712732 7266.889074279077
68 10000012 67 9170.58846461765 1090443.8726677648 7570.972745101215
68 10000012 67 9341.32698064706 1070513.003207957 7815.88446543187
68 10000012 67 8988.293683294116 1112559.5527198107 7593.166801919386
68 10000012 67 9361.617730852944 1068192.729878631 7493.702944141611
68 10000012 67 11107.476772220594 900295.5581243865 9639.402607862616
68 10000012 67 9225.259292308821 1083981.6728335319 7661.327851769118
68 10000012 67 9344.594450132354 1070138.6832104162 7556.9539809525095
68 10000012 67 10379.830607147056 963408.0148778602 8573.290321770814
68 10000012 67 9007.913843455884 1110136.2839149332 7585.494074531294
68 10000012 67 9434.04717522059 1059991.731466636 7962.566601835753
69 10000032 68 9208.667855652173 1085936.8756428864 7575.756028028359
69 10000032 68 9852.415309376813 1014982.792136533 8463.08308156324
69 10000032 68 8851.455424608695 1129761.324018878 7951.214679719213
69 10000032 68 9354.881204130437 1068964.0821504726 8099.624560954252
69 10000032 68 9299.133408913043 1075372.463246431 7862.111543772412
69 10000032 68 9846.648745710141 1015577.20380314 8079.422645080759
69 10000032 68 10120.895719028986 988058.0017436853 8844.507941424332
69 10000032 68 12475.02183446377 801604.3685289344 11344.915041732325
69 10000032 68 10348.666329565216 966311.1826719934 8905.247712291275
69 10000032 68 8903.453563434781 1123163.26791086 7874.0742930420765
70 10000060 69 10052.636480499996 994769.8814532901 8784.2786154002
70 10000060 69 9312.424524357144 1073840.6495370038 7697.422189293918
70 10000060 69 9753.270923785713 1025303.2114193026 8451.146135893898
70 10000060 69 9270.563256014286 1078689.5816187277 7842.637193712426
70 10000060 69 9594.160241471423 1042306.9605168827 8196.522344252748
70 10000060 69 9182.668883228567 1089014.54764032 7593.656444886689
70 10000060 69 9681.775386457142 1032874.6124381355 8278.402322333626
70 10000060 69 9590.938438485715 1042657.0938952748 8331.906740992734
70 10000060 69 9710.587237542859 1029810.016158239 8451.706136557488
70 10000060 69 9643.5758633 1036965.9700668349 8419.373702669785
71 10000066 70 9648.439653436619 1036443.8561252895 8201.794205519749
71 10000066 70 9299.822932676054 1075296.387081044 7729.391739468336
71 10000066 70 9731.298816366196 1027618.8398594635 8115.958674584754
71 10000066 70 9679.809391366196 1033085.0118721816 7916.28669216514
71 10000066 70 9299.024011521127 1075388.7706505877 7976.117960682406
71 10000066 70 9920.450251408454 1008025.4168484181 7953.373244388418
71 10000066 70 9151.856338309857 1092681.706348418 7810.8716102169265
71 10000066 70 9746.68008340845 1025997.1512785039 8098.949328652484
71 10000066 70 9429.832833098593 1060471.1851200473 8048.824466532236
71 10000066 70 10406.284482492958 960964.119020928 8592.224777097528
72 10000008 71 9882.08526473611 1011932.9809554156 8642.521296721896
72 10000008 71 9568.524254972222 1045094.0744392803 7721.654594808395
72 10000008 71 9125.65357365278 1095812.8006164534 7601.410996917604
72 10000008 71 9659.834482875003 1035215.2531938365 8214.504522290059
72 10000008 71 9890.622057694445 1011059.5614378428 8559.038040061218
72 10000008 71 9099.736102319443 1098933.8468234355 7592.989478971103
72 10000008 71 9258.999856791666 1080031.1215757055 7958.681850454349
72 10000008 71 9873.63782238889 1012798.745496271 8868.312166298987
72 10000008 71 9565.148093166668 1045462.9559937494 8230.53184063194
72 10000008 71 9403.887483013888 1063390.8602227406 8258.347074312656
73 10000051 72 9404.439009506852 1063333.0696164917 7687.068655207165
73 10000051 72 9910.364379041095 1009049.7803641387 8675.950411696987
73 10000051 72 9482.13351378082 1054620.3536858521 8032.618652949501
73 10000051 72 12302.114675794523 812872.5234268843 11133.121493210308
73 10000051 72 10205.988483424659 979821.897334186 8911.625810901327
73 10000051 72 9399.96606431507 1063839.0534156312 7934.744500470133
73 10000051 72 10121.585571561644 987992.5362778025 8221.892456407457
73 10000051 72 9711.874067342464 1029672.6389427321 8380.512861250862
73 10000051 72 9605.37486190411 1041089.0926975912 8265.748407734776
73 10000051 72 9362.428366698628 1068104.4071396415 8007.717910286404
74 10000064 73 9621.27605662162 1039369.8238309758 8051.429031704163
74 10000064 73 9868.440584972972 1013337.8129901757 8533.083565449135
74 10000064 73 9814.540564608113 1018902.9159511448 8224.515687400255
74 10000064 73 9849.484946756758 1015288.0129323741 8451.605195530394
74 10000064 73 10165.58294825676 983717.7120978443 8407.014852718068
74 10000064 73 9745.980973702706 1026070.5440512227 8524.34214256979
74 10000064 73 9909.69792636486 1009118.9534036873 8752.210743695578
74 10000064 73 9212.121295864863 1085533.253289753 7834.59451810853
74 10000064 73 9697.362768554052 1031214.7991851482 8355.441097559404
74 10000064 73 9934.68423187838 1006580.9608635401 8704.192327216882
75 10000050 74 9941.291496546668 1005910.5503016125 8526.798316786635
75 10000050 74 9896.483217626666 1010465.0086395205 8571.828538194351
75 10000050 74 10167.426909599999 983537.9284170744 8761.339465250798
75 10000050 74 9763.024083413331 1024277.9198905551 8487.975312196235
75 10000050 74 9936.438030053336 1006401.888660128 8536.779188970027
75 10000050 74 9836.258611613335 1016651.7976858886 8499.76199946743
75 10000050 74 10375.817206906668 963784.3266305291 8564.166448654512
75 10000050 74 9807.473187973334 1019635.7214886725 8334.5190820956
75 10000050 74 9974.300409533334 1002581.5936365877 8666.963868328949
75 10000050 74 9648.280562973332 1036459.2877177136 8243.036578344829
76 10000004 75 10290.40443143421 971779.4928888198 8630.930284997168
76 10000004 75 10897.292389618424 917659.5104970068 9468.61702971812
76 10000004 75 14440.333641565785 692505.0520450223 13330.877450211805
76 10000004 75 14264.62667975 701035.1006378569 12620.257171614818
76 10000004 75 11866.035082302635 842741.8198783442 10507.617199709553
76 10000004 75 10727.308522210526 932200.6521295937 8984.856030088651
76 10000004 75 10638.044537552629 940022.761203873 9336.409208851226
76 10000004 75 10128.410602631579 987322.1369403985 8677.83471437861
76 10000004 75 10024.481369013161 997558.2408593403 8473.162484921184
76 10000004 75 10681.961060578955 936158.0652923675 9288.772467391373
77 10000067 76 10139.654704233762 986233.4854287021 8823.93433207605
77 10000067 76 10167.784463467531 983505.0138926398 8560.305237046732
77 10000067 76 10377.391356441554 963639.7680803145 9145.171120676205
77 10000067 76 9991.071336142857 1000900.3702960863 8700.591118306449
77 10000067 76 11213.248323766238 891808.2174997474 10053.827193695366
77 10000067 76 10061.6948552987 993875.0025532482 8264.941611111475
77 10000067 76 10854.266572753251 921302.8750466206 9722.503490048528
77 10000067 76 10920.473048519481 915717.3828981463 9449.46347265903
77 10000067 76 11152.609313220784 896657.1605933949 10025.762022548135
77 10000067 76 10158.584967753246 984395.6645284323 8767.674661408304
78 10000068 77 10369.31456996154 964390.4553700014 8973.878589543026
78 10000068 77 10286.306871961538 972172.8239761376 8864.83117109509
78 10000068 77 11054.460912512819 904618.3327384761 9928.161799273834
78 10000068 77 10446.813845884613 957236.162865044 8905.298288991726
78 10000068 77 10057.09128020513 994330.0424927666 9032.690699453993
78 10000068 77 10514.57998182051 951066.8060245782 8904.175715983538
78 10000068 77 10607.120225730772 942769.3650291448 9557.37799838744
78 10000068 77 10038.606080012816 996161.0128233295 8461.212958006137
78 10000068 77 10205.044826141022 979914.1669994475 9128.771838339428
78 10000068 77 10597.824151653846 943596.3323131227 9302.925701145365
79 10000057 78 10770.874277886074 928435.0315490492 9360.713060990576
79 10000057 78 10759.194844645568 929442.8760137788 9443.494570570256
79 10000057 78 10556.531637430382 947286.2246291874 9147.27147833636
79 10000057 78 10469.510139582278 955159.9708751026 8941.294953559302
79 10000057 78 10995.90700943038 909434.4824327531 9516.148446282517
79 10000057 78 10345.628576405064 966597.33395096 8908.914272286243
79 10000057 78 9782.496172835445 1022239.8070309182 8656.518560778506
79 10000057 78 10498.031610455697 952564.9541805788 9043.149802991353
79 10000057 78 10181.40621341772 982188.1958526784 8793.328519786557
79 10000057 78 11351.289203822786 880962.2255622093 9981.885733994135
80 10000000 79 10796.457770912502 926229.7146145197 8782.731686224557
80 10000000 79 10103.493826175003 989756.6299385582 8879.647374053198
80 10000000 79 10504.158284887504 952003.9329935799 8911.267713570925
80 10000000 79 10792.661266012497 926555.531904935 9522.414404338915
80 10000000 79 10525.498427450002 950073.772651039 8943.657240287042
80 10000000 79 10729.611489262496 932000.1949751262 9535.386248613211
80 10000000 79 9831.7953848625 1017108.2298352624 8721.037612720445
80 10000000 79 11529.276132699999 867357.1423653755 10098.589236072927
80 10000000 79 10228.582945562503 977652.5304845214 9105.596251343608
80 10000000 79 10464.075616324997 955650.5865075178 8785.004964179678
81 10000017 80 10398.08133302469 961717.5207352511 9075.601104152693
81 10000017 80 10399.452118358022 961590.7536462517 8797.72014694086
81 10000017 80 10870.193112283949 919948.421955761 9668.780251631175
81 10000017 80 10931.985816938271 914748.4425478986 9295.855657781281
81 10000017 80 10579.550406049384 945221.3578265096 9108.370240325195
81 10000017 80 10527.116279679014 949929.376129672 9161.299580106703
81 10000017 80 10984.14072245679 910405.0332817774 9918.72577571915
81 10000017 80 10622.957519604939 941359.0312815158 9383.49090854772
81 10000017 80 10730.033911728393 931965.0881130531 9349.181421980411
81 10000017 80 11360.62357954321 880234.8682696238 9762.988868315444
82 10000064 81 11285.362526914638 886109.2389500728 9170.161883563826
82 10000064 81 11269.506227987806 887356.0028002693 9901.77136094976
82 10000064 81 10522.635274329265 950338.3648006774 9490.777758014463
82 10000064 81 11000.368058548778 909066.3100339259 9706.314656336885
82 10000064 81 10922.46330970732 915550.2487348674 9443.446728873776
82 10000064 81 11027.060912121951 906865.7622999994 9782.839639533522
82 10000064 81 10629.953787792687 940743.882770587 9259.0261097593
82 10000064 81 13589.088153292683 735889.2581454738 11597.343211604808
82 10000064 81 11347.945670975614 881222.4071161126 9972.979687150731
82 10000064 81 10661.353353414632 937973.226147426 9561.372871446276
83 10000006 82 11620.451937674701 860552.2447521125 10344.509861970291
83 10000006 82 11553.901787216868 865509.0015620452 9756.604921596923
83 10000006 82 10723.537366951807 932528.6664098722 9644.099288486375
83 10000006 82 10983.894056481931 910424.4768364906 9770.115254578517
83 10000006 82 10734.570607445785 931570.1918308432 9657.086282607912
83 10000006 82 11687.782326578314 855594.8186389246 10493.255245236414
83 10000006 82 11812.078539939757 846591.5601718478 10466.249220436695
83 10000006 82 10856.743366843375 921087.0757560816 9239.237754588772
83 10000006 82 10777.622135759037 927849.0073261163 9434.820390014196
83 10000006 82 10171.804897987951 983110.2837981159 9127.32315489234
84 10000032 83 11286.616018821429 886007.9924154471 9842.630524110416
84 10000032 83 10948.648220249996 913357.6857008256 9843.781791191794
84 10000032 83 10675.15109345238 936757.8887134942 9545.208617350869
84 10000032 83 10869.638844738098 919996.7122036379 9798.347060542761
84 10000032 83 10767.120940464287 928756.3551384044 9452.744995548632
84 10000032 83 10844.157217392858 922158.5227444902 9638.914357768082
84 10000032 83 10828.97548696429 923451.3469937987 9701.148289308578
84 10000032 83 10870.75024827381 919902.653599086 9737.123542458536
84 10000032 83 10665.369258023813 937617.0442928394 9468.713247318397
84 10000032 83 11844.527748547618 844274.4373009054 10638.723629205953
85 10000080 84 11299.54699835294 884998.3102382463 9979.027915759543
85 10000080 84 11570.517634599997 864272.4825116013 10194.08217817511
85 10000080 84 11198.415898823532 892990.5881644005 9638.66484240045
85 10000080 84 11406.380503952942 876709.3116466191 10170.147138087465
85 10000080 84 11509.486490658825 868855.4444297868 10227.267190663393
85 10000080 84 11554.076464023532 865502.321292205 10026.15852013919
85 10000080 84 11374.256728835297 879185.3602748766 10346.083287615591
85 10000080 84 11348.668606070592 881167.6811719385 9637.664576795412
85 10000080 84 11697.887327529412 854862.0550025431 10542.570187513302
85 10000080 84 11238.760703082355 889784.9384102793 9872.049365454242
86 10000080 85 11344.717692093023 881474.5568300742 10099.565715035786
86 10000080 85 11340.628261406979 881792.4165657589 9934.51450488501
86 10000080 85 12021.751212383724 831832.2200594884 10324.59422429337
86 10000080 85 11390.689424011625 877917.0099151141 9887.369340394043
86 10000080 85 11347.785960941865 881236.2195074391 10012.97875966165
86 10000080 85 11246.313633453488 889187.3662720539 10042.507582095433
86 10000080 85 10744.64290501163 930703.8017369249 9814.92860862709
86 10000080 85 11004.342286337209 908739.453916834 9884.621827297433
86 10000080 85 10958.887505999997 912508.6825213736 9832.724190195773
86 10000080 85 10815.61747676744 924596.3091317477 9790.063605003774
87 10000041 86 11309.864390333336 884187.5247016351 10047.956763021024
87 10000041 86 11625.115633862066 860210.0241370082 10674.665830259844
87 10000041 86 12206.601315505746 819232.2122700274 10926.833040097285
87 10000041 86 12669.63208424138 789292.1383595783 11539.939610041589
87 10000041 86 11523.974972793107 867759.6943423641 10364.425566733255
87 10000041 86 11499.226418103446 869627.2806887905 10464.188468115508
87 10000041 86 11989.57122149425 834061.6036437126 10678.900309165307
87 10000041 86 11221.811269908047 891125.3949543514 9820.745505144332
87 10000041 86 11487.89542997701 870485.0301740614 10270.437289992218
87 10000041 86 11592.879082275858 862602.0274194769 10448.737663085589
88 10000056 87 11601.17696814773 861986.333581172 10365.315917890568
88 10000056 87 11880.970702488637 841686.7822008303 10733.767992579864
88 10000056 87 13020.396815045457 768030.0487036337 11966.213321229758
88 10000056 87 11434.918635545455 874519.2089880568 9994.830573831809
88 10000056 87 13180.212123159088 758717.3792467875 12174.033831848537
88 10000056 87 10952.160593625002 913066.9619491154 9892.147719767832
88 10000056 87 11735.741013318182 852102.6485376204 10629.957297623656
88 10000056 87 11364.292971090907 879954.082971873 10183.804744128085
88 10000056 87 12325.877053806815 811305.8370082888 10849.728230164697
88 10000056 87 11872.100569977278 842315.6408638088 10666.266179467832
89 10000040 88 12017.53295034831 832120.8721720347 10821.49053620231
89 10000040 88 11281.411043235956 886417.4846280215 10162.520999998513
89 10000040 88 12736.719397325835 785134.6714994428 11549.939975198513
89 10000040 88 11629.478055269663 859887.2582651019 10511.408493988147
89 10000040 88 11941.619933921349 837410.6742079356 10723.899256113264
89 10000040 88 11053.870637966289 904664.1061324945 10030.621587447411
89 10000040 88 12028.581065752805 831356.5785802974 11034.416108751015
89 10000040 88 11438.542873820223 874240.7236928252 10201.097141430064
89 10000040 88 11471.19411838202 871752.3125143033 10283.310940499667
89 10000040 88 13434.02117588764 744381.7356748552 12105.69888733817
90 10000080 89 12162.395344588887 822213.0358925627 11147.943618961952
90 10000080 89 12863.700056266669 777387.528958153 11680.931478606497
90 10000080 89 11944.062198544443 837242.7934290776 10453.596713252728
90 10000080 89 12705.184080155555 787086.5889790055 11627.303770303259
90 10000080 89 11939.55612917778 837558.7745311481 10881.192937898672
90 10000080 89 12077.195879855553 828013.3981001228 10941.30566838436
90 10000080 89 11818.440326488888 846142.1070584615 10589.626162430555
90 10000080 89 11728.293311733329 852645.7971506927 10453.935616765635
90 10000080 89 11155.018458977782 896464.6752289088 9928.817593748008
90 10000080 89 12520.2751359 798710.8822653809 11352.765849230154
91 10000081 90 12095.423205329671 826765.6972592418 10849.25268785405
91 10000081 90 12736.024080802195 785180.7547281374 11548.2497759225
91 10000081 90 12054.197815604399 829593.2382206883 10875.633442668788
91 10000081 90 12439.684817252748 803885.3995826942 11448.737977078164
91 10000081 90 11948.222541824178 836951.3511315342 10819.060986323382
91 10000081 90 11767.431672659342 849809.9906740368 10724.908237817355
91 10000081 90 11879.237593824171 841811.6837059378 10758.09997767064
91 10000081 90 12203.916966043955 819415.6866048921 11232.418554947779
91 10000081 90 12499.792305912091 800019.7727501608 11313.895460678537
91 10000081 90 13007.366375076925 768801.3631384209 11851.013574905855
92 10000032 91 12916.19942927174 774224.0319808872 11721.965332124062
92 10000032 91 11714.802455108696 853623.6132295254 10679.64484540042
92 10000032 91 12948.957448858695 772265.4151498035 11715.508569158212
92 10000032 91 12732.443562293478 785397.7087017779 11376.093328845436
92 10000032 91 11998.510282467387 833439.4657820456 10868.745300091521
92 10000032 91 12485.185372467387 800951.8242358096 11495.867568127818
92 10000032 91 12720.574998500002 786130.5012689438 11490.514789638743
92 10000032 91 12003.060411880439 833123.5249055421 10835.637199375356
92 10000032 91 12442.373400021741 803707.7556266336 11408.10895442766
92 10000032 91 12882.952525097826 776222.0640430455 11632.252933735348
93 10000011 92 11778.460057010754 849008.3552176934 10669.384855546641
93 10000011 92 12173.960472182795 821426.2747813074 10904.38151232939
93 10000011 92 13567.460296172037 737058.4311067733 12345.374878092362
93 10000011 92 12900.721042086023 775151.3242846632 11585.849215887798
93 10000011 92 12490.779525655918 800591.4266167369 11187.389706110629
93 10000011 92 11885.133906731184 841388.1642794501 10782.38801481923
93 10000011 92 11875.180722741934 842093.3738590747 10939.192342943299
93 10000011 92 12838.81169198925 778889.1402028651 11563.374933428851
93 10000011 92 13340.662500569895 749588.7853824961 12098.501230015
93 10000011 92 12227.493087602155 817830.0268383982 11217.63530941325
94 10000002 93 12965.429763414899 771281.9538167125 11854.860265546937
94 10000002 93 12456.598127925527 802787.5586338243 10826.23899439435
94 10000002 93 13013.825321095741 768413.7256544963 12025.313200111015
94 10000002 93 13525.85433608511 739324.9809974204 12314.642256465171
94 10000002 93 13195.661039053193 757825.0131163958 11955.487522085525
94 10000002 93 13223.989725712758 756201.5857102469 12013.223807957753
94 10000002 93 13348.43879068085 749151.4293777527 12129.094227939431
94 10000002 93 11826.15062843617 845583.851769555 10723.662590022002
94 10000002 93 12371.279487308511 808323.9902759318 11050.720692185763
94 10000002 93 13314.351871234045 751069.3796222426 12052.939363958978
95 10000080 94 12177.772402894738 821174.8149951394 10982.909692267136
95 10000080 94 12254.395422147374 816040.2578430636 10951.73885892562
95 10000080 94 14763.81192802105 677337.265521535 13417.512731158811
95 10000080 94 13119.471250810526 762231.9382255739 11800.203292111742
95 10000080 94 14242.424167410529 702133.2802938247 12936.699911508318
95 10000080 94 12681.813723021052 788537.0514350835 11728.353011519266
95 10000080 94 12256.028546568423 815931.5199049476 11208.830296418806
95 10000080 94 13113.540012642097 762576.6948024279 11940.742205432938
95 10000080 94 13294.000610000005 752225.029422501 12123.790704283609
95 10000080 94 12636.607979305263 791357.9353238578 11587.215636192628
96 10000032 95 13300.856409395828 751833.6934256278 12042.713282582961
96 10000032 95 12326.314004520827 811275.1302889383 11100.735356029521
96 10000032 95 12190.727748552088 820298.1976353069 10861.106587082497
96 10000032 95 13661.991901374995 731960.0298543259 12439.66872448657
96 10000032 95 12922.979641520833 773817.8250989764 11651.245322247987
96 10000032 95 13688.285530145838 730554.0184690651 12332.625796687053
96 10000032 95 13196.780695802081 757762.9901193272 12143.523363442851
96 10000032 95 13067.153090906251 765280.0828482881 11888.769556684776
96 10000032 95 12632.096615270837 791636.757108954 11544.399711250362
96 10000032 95 13131.995604843754 761501.3209653737 11865.294072206882
97 10000021 96 14081.394936876282 710158.4072336468 12808.792901648321
97 10000021 96 13788.476239402058 725244.8222976127 12314.657523075697
97 10000021 96 13566.638061556701 737103.8391844993 12477.54802443407
97 10000021 96 13208.651046226807 757081.1708934209 12166.857983886377
97 10000021 96 13167.699681371128 759435.6829194266 11880.949747970246
97 10000021 96 13572.973915381439 736759.7596771017 12440.532793033757
97 10000021 96 13087.157980773201 764109.443371233 11784.783531347046
97 10000021 96 13350.844767721654 749017.8467340926 11682.163449409749
97 10000021 96 14032.358808865982 712640.058325885 12893.554792410463
97 10000021 96 13554.746495814436 737750.4996561833 12212.257744404216
98 10000018 97 12893.533224428575 775583.9943898069 11711.20752037526
98 10000018 97 13379.603869071427 747407.6286455872 12305.920822865615
98 10000018 97 13588.213798714289 735933.2247882497 12431.343991038553
98 10000018 97 14486.77315157142 690286.0903095781 13341.738342403829
98 10000018 97 13703.607033785715 729736.1910149162 12197.341340511606
98 10000018 97 13963.514000602043 716153.3980321032 12646.012589359896
98 10000018 97 12755.850932091838 783955.3827680307 11739.90351456699
98 10000018 97 13464.22247569388 742710.3954983222 12270.646763286732
98 10000018 97 14132.820699806125 707574.1079866089 12831.666499105031
98 10000018 97 13134.01064638775 761383.4242437064 11904.246383575126
99 10000089 98 14429.92788068687 693010.3242847248 12497.021524278814
99 10000089 98 13426.478376919194 744803.5679400986 12110.421477265236
99 10000089 98 13562.754968262632 737319.8899044178 12432.777712131254
99 10000089 98 13078.623326828283 764613.2738976233 12098.644369350988
99 10000089 98 12813.940331919197 780407.0208669564 11913.180494781484
99 10000089 98 14229.517684535349 702770.7629801187 13087.766701647299
99 10000089 98 13820.12483473737 723588.9052799599 12452.831888714434
99 10000089 98 13064.515226717172 765438.9639769897 11959.210759195468
99 10000089 98 13320.624577636365 750722.2309071663 12151.422783053267
99 10000089 98 13780.143338434347 725688.3150198186 12737.411075125694
100 10000000 99 13408.337025219998 745804.6423796484 12099.567077171541
100 10000000 99 13152.778267429998 760295.6422342215 11780.151105710358
100 10000000 99 13869.295708389993 721017.1453731909 12519.323529992616
100 10000000 99 13616.247003590008 734416.7594318344 12674.299405407433
100 10000000 99 13390.188660650005 746815.4671626984 12088.978724209659
100 10000000 99 13024.103371919997 767807.1737022625 11885.592686036216
100 10000000 99 13787.757544830001 725281.1029992113 12485.623966236926
100 10000000 99 13138.479377909995 761123.0883243013 12145.390199641552
100 10000000 99 12816.83172386 780224.0222428648 11704.092235197657
100 10000000 99 14000.915869750008 714238.9892939592 12915.795968358167