numberThread numberMessages shift timePrecessingRing throughputRing latencyChain
12 10000008 5 3994.7436515833338 2503291.5431348025 679.9156738901354
12 10000008 5 4009.4156962500006 2494131.005012274 785.334817635531
12 10000008 5 3568.4848132499997 2802312.05212626 694.3494125462902
12 10000008 5 3507.213384166666 2851268.7722808914 611.8506011202151
12 10000008 5 3758.4079134166664 2660703.2100752643 471.0225495642452
12 10000008 5 4144.613530416666 2412772.1261853524 376.4521482539829
12 10000008 5 4058.0624415833336 2464232.165954129 891.9710900688408
12 10000008 5 4050.986735916667 2468536.3472900074 859.3040147095894
12 10000008 5 3666.609775333334 2727317.225649106 839.8675888329083
12 10000008 5 3810.7851127500003 2624133.2702130857 549.2420358250706
12 10000008 5 4056.4195146666666 2465230.2267660657 345.5272977912456
12 10000008 5 4310.689351833332 2319816.433941594 392.09012666677245
12 10000008 5 4190.0285945000005 2386620.466773523 728.2854508203329
12 10000008 5 4019.2374614999994 2488036.1252076775 861.7553693742253
12 10000008 5 3647.504159166667 2741602.905336966 810.1572476098598
12 10000008 5 3593.9435518333325 2782461.0642253472 641.6198934021309
12 10000008 5 3696.157003166667 2705514.9419877282 582.430081531652
12 10000008 5 4053.296074166667 2467129.9152643173 758.4767791166873
12 10000008 5 4466.809725666667 2238736.0586548173 418.7635383535394
12 10000008 5 4441.282847833333 2251603.498948164 946.4237289308046
12 10000008 5 4045.407335916667 2471940.9368782523 998.3403084894258
12 10000008 5 4295.212968333333 2328175.1274559717 768.5082427519013
12 10000008 5 4203.367401333333 2379046.8558203927 428.90418631824195
12 10000008 5 4678.283228833333 2137537.9622951546 729.9846808394027
12 10000008 5 4934.1126985 2026708.4704084815 442.43839466194345
12 10000008 5 4623.6293523333325 2162804.8526323712 962.9663208838992
12 10000008 5 3941.50832925 2537101.831243073 903.7922306209471
12 10000008 5 4150.582861166666 2409302.0991247357 669.3256391933706
12 10000008 5 4105.40747775 2435813.7539810254 515.9682259328251
12 10000008 5 4537.785537083333 2203719.8360915747 394.77248851422786
12 10000008 5 4449.537673416667 2247426.3022300233 758.17119871764
12 10000008 5 4467.6217315 2238329.1605671607 644.9999012642069
12 10000008 5 4102.8339676666665 2437341.6225973023 654.5525735505637
12 10000008 5 4203.268058833332 2379103.0836076685 615.9297257999026
12 10000008 5 4945.918273666667 2021870.85323318 415.11337595138195
12 10000008 5 4865.608414249999 2055243.0751954447 380.37530592736783
12 10000008 5 4688.443978916667 2132905.5108621875 974.71649877052
12 10000008 5 4642.861293166667 2153845.951572567 843.6715047846433
12 10000008 5 4061.2101032499995 2462322.2502075066 731.2877166474503
12 10000008 5 3981.9945449166667 2511306.303210738 782.7673536505731
12 10000008 5 4054.488066166667 2466404.595797602 592.1575223326005
12 10000008 5 4697.69199875 2128706.6079812986 477.10164950353385
12 10000008 5 4922.838980833333 2031349.8042357683 517.4517404909597
12 10000008 5 4659.190269166666 2146297.4084096765 911.9740043608804
12 10000008 5 4325.216515583333 2312024.8348194705 803.6407937346008
12 10000008 5 4423.313433666666 2260750.4871547353 730.8687308921836
12 10000008 5 4594.435647916666 2176547.62550314 571.5321878197913
12 10000008 5 5216.160112416666 1917120.5991541082 928.4737738003103
12 10000008 5 5402.6300575 1850951.8315283982 875.9324158607564
12 10000008 5 5489.055655083333 1821808.4545634259 1325.7983155027052
12 10000008 5 4817.714398666667 2075674.7230113028 1268.9127951645974
12 10000008 5 4563.338139666667 2191380.0147912023 719.1661663729684
12 10000008 5 4096.655097333333 2441017.7968141325 433.87671668399355
12 10000008 5 4592.877959416666 2177285.8082364732 402.6130760458891
12 10000008 5 4484.527117250001 2229891.2992485594 692.3165181238672
12 10000008 5 4532.284601916665 2206394.5401334856 776.5622572466824
12 10000008 5 4205.449611166668 2377868.937829413 850.497296141931
12 10000008 5 4237.701484583334 2359771.6914180513 329.9282052249113
12 10000008 5 4569.550316083333 2188400.894679553 479.4967087451373
12 10000008 5 4773.634932416667 2094841.3822121639 385.74306393614086
12 10000008 5 4617.925820166667 2165476.101051594 811.1695400266387
12 10000008 5 4663.771462 2144189.1142135044 926.3487181244762
12 10000008 5 4306.17733375 2322247.140549498 817.7041239860362
12 10000008 5 4177.535526833332 2393757.7396451817 690.5900044778502
12 10000008 5 4248.0077771666665 2354046.5377089772 509.8211309907789
12 10000008 5 4673.950079833333 2139519.6416724646 525.0642337931798
12 10000008 5 4582.667314416666 2182137.0206257086 929.921251492889
12 10000008 5 4703.727971416667 2125974.984260878 736.9797138548861
12 10000008 5 4477.916277083333 2233183.3337700213 977.3237734070591
12 10000008 5 4512.935061916666 2215854.618513599 587.751088053067
12 10000008 5 4977.914019083333 2008875.1958478924 272.0896428197854
12 10000008 5 4891.235703416666 2044474.7720938313 432.6126192009877
12 10000008 5 4895.2908459166665 2042781.177821407 953.1997263047822
12 10000008 5 4954.3160969166665 2018443.677064436 984.9172075193624
12 10000008 5 4531.394061916666 2206828.1556096333 723.6622157112515
12 10000008 5 4283.178906666667 2334716.3912381115 554.8935390181874
12 10000008 5 4701.944230416667 2126781.499302011 490.3015693036863
12 10000008 5 4851.097255833333 2061390.9539692735 580.2776758813384
12 10000008 5 4715.226425499999 2120790.625434198 689.9312692199952
12 10000008 5 4608.483483916666 2169912.9518201454 1190.6084403799946
12 10000008 5 4251.14648975 2352308.49468753 1113.205118248257
12 10000008 5 4330.317061333333 2309301.572693832 649.5882928582075
12 10000008 5 4980.195521166666 2007954.9000633184 539.0291667400122
12 10000008 5 4841.743889 2065373.1856241105 461.69579734412565
12 10000008 5 4890.068486833333 2044962.7703426534 732.8356819205842
12 10000008 5 4678.525871249999 2137427.1031503817 1060.9507586561601
12 10000008 5 4362.183724166666 2292431.6425737804 938.6825253609577
12 10000008 5 4429.158099333333 2257767.227027904 601.6485036089235
12 10000008 5 4867.1755695833335 2054581.31867967 510.44898913784
12 10000008 5 4935.956520250001 2025951.3954335868 454.3571561230253
12 10000008 5 4965.9312479166665 2013722.6032267879 717.2332541464333
12 10000008 5 4741.39203575 2109086.9357775403 982.0200703938913
12 10000008 5 4347.07288725 2300400.352000102 836.0720561478975
12 10000008 5 4277.2322530833335 2337962.3570338697 760.1042009928626
12 10000008 5 5134.077534666667 1947771.1297652337 347.94635173180455
12 10000008 5 5142.73259725 1944493.0901807642 564.4455632414632
12 10000008 5 5029.150433333333 1988409.0031826647 856.1088343875517
12 10000008 5 4432.00019325 2256319.3962017773 745.1424502291767
12 10000008 5 4559.041317499999 2193445.3547535767 557.6395766001824
12 10000008 5 5294.88371375 1888617.1142968663 702.398661702397